3.002282999999999902e+02 2.382603000000000004e+52
3.009569999999999936e+02 2.383347999999999915e+52
3.016892000000000280e+02 2.384061999999999978e+52
3.024250000000000114e+02 2.384741999999999899e+52
3.031644000000000005e+02 2.385389000000000041e+52
3.039073999999999955e+02 2.386002999999999874e+52
3.046541000000000281e+02 2.386583999999999928e+52
3.054044999999999845e+02 2.387131999999999937e+52
3.061585999999999785e+02 2.387646999999999903e+52
3.069164000000000101e+02 2.388127999999999992e+52
3.076779000000000224e+02 2.388576000000000037e+52
3.084433000000000220e+02 2.388989999999999939e+52
3.092124000000000024e+02 2.389371000000000064e+52
3.099855000000000018e+02 2.389718999999999878e+52
3.107622999999999820e+02 2.390033000000000081e+52
3.115430999999999813e+02 2.390312999999999877e+52
3.123278999999999996e+02 2.390559000000000061e+52
3.131164999999999736e+02 2.390771999999999936e+52
3.139091999999999985e+02 2.390950999999999935e+52
3.147058999999999855e+02 2.391096000000000056e+52
3.155067000000000235e+02 2.391207000000000036e+52
3.163115000000000236e+02 2.391283999999999873e+52
3.171204999999999927e+02 2.391327000000000100e+52
3.179336000000000126e+02 2.391335999999999919e+52
3.187509000000000015e+02 2.391311000000000127e+52
3.195724000000000160e+02 2.391251999999999927e+52
3.203980999999999995e+02 2.391159000000000117e+52
3.212282000000000153e+02 2.391031000000000066e+52
3.220625000000000000e+02 2.390868999999999873e+52
3.229012000000000171e+02 2.390673000000000069e+52
3.237441999999999780e+02 2.390442000000000025e+52
3.245917000000000030e+02 2.390177000000000105e+52
3.254436000000000035e+02 2.389878000000000043e+52
3.263000000000000114e+02 2.389544000000000006e+52
3.271610000000000014e+02 2.389176000000000092e+52
3.280264999999999986e+02 2.388772999999999939e+52
3.288965000000000032e+02 2.388335999999999908e+52
3.297712000000000216e+02 2.387863999999999904e+52
3.306505999999999972e+02 2.387358000000000023e+52
3.315346999999999866e+02 2.386816999999999902e+52
3.324234999999999900e+02 2.386241000000000072e+52
3.333170999999999822e+02 2.385630000000000002e+52
3.342155000000000200e+02 2.384985000000000056e+52
3.351186999999999898e+02 2.384305999999999967e+52
3.360269000000000119e+02 2.383591000000000072e+52
3.369399999999999977e+02 2.382842000000000034e+52
3.378580000000000041e+02 2.382058000000000022e+52
3.387810999999999808e+02 2.381239000000000036e+52
3.397092999999999847e+02 2.380385000000000075e+52
3.406424999999999841e+02 2.379496999999999972e+52
3.415808999999999855e+02 2.378573999999999894e+52
3.425244999999999891e+02 2.377616000000000108e+52
3.434732999999999947e+02 2.376623000000000082e+52
3.444273000000000025e+02 2.375595000000000081e+52
3.453867000000000189e+02 2.374532000000000106e+52
3.463514000000000124e+02 2.373434999999999988e+52
3.473215999999999894e+02 2.372302000000000064e+52
3.482971999999999753e+02 2.371134999999999998e+52
3.492783000000000015e+02 2.369932999999999957e+52
3.502649000000000115e+02 2.368695000000000110e+52
3.512570999999999799e+02 2.367423000000000120e+52
3.522549999999999955e+02 2.366115999999999890e+52
3.532585000000000264e+02 2.364773999999999952e+52
3.542678000000000225e+02 2.363397000000000039e+52
3.552828999999999837e+02 2.361984999999999886e+52
3.563038000000000238e+02 2.360538000000000024e+52
3.573306000000000040e+02 2.359055999999999922e+52
3.583632999999999811e+02 2.357539000000000111e+52
3.594019999999999868e+02 2.355987000000000060e+52
3.604467000000000212e+02 2.354400000000000035e+52
3.614975999999999772e+02 2.352778000000000035e+52
3.625545999999999935e+02 2.351121000000000061e+52
3.636177000000000135e+02 2.349429000000000113e+52
3.646872000000000185e+02 2.347701999999999924e+52
3.657629000000000019e+02 2.345940000000000026e+52
3.668450000000000273e+02 2.344142999999999889e+52
3.679334999999999809e+02 2.342311000000000042e+52
3.690285000000000082e+02 2.340443999999999956e+52
3.701301000000000272e+02 2.338541999999999895e+52
3.712382000000000062e+02 2.336605000000000125e+52
3.723530000000000086e+02 2.334633000000000116e+52
3.734744999999999777e+02 2.332625000000000033e+52
3.746028000000000020e+02 2.330583000000000075e+52
3.757379999999999995e+02 2.328505999999999876e+52
3.768799999999999955e+02 2.326392999999999870e+52
3.780289999999999964e+02 2.324245999999999988e+52
3.791850000000000023e+02 2.322063000000000034e+52
3.803480999999999881e+02 2.319845000000000105e+52
3.815183000000000106e+02 2.317593000000000034e+52
3.826958000000000197e+02 2.315304999999999891e+52
3.838806000000000154e+02 2.312982000000000038e+52
3.850727999999999724e+02 2.310623000000000114e+52
3.862722999999999729e+02 2.308230000000000047e+52
3.874793999999999983e+02 2.305800999999999908e+52
3.886940000000000168e+02 2.303337000000000060e+52
3.899162999999999784e+02 2.300837999999999972e+52
3.911462999999999965e+02 2.298303999999999910e+52
3.923840000000000146e+02 2.295734000000000041e+52
3.936297000000000139e+02 2.293130000000000029e+52
3.948831999999999880e+02 2.290489999999999945e+52
3.961447999999999752e+02 2.287814000000000055e+52
3.974144000000000005e+02 2.285102999999999924e+52
3.986922999999999888e+02 2.282357000000000085e+52
3.999782999999999902e+02 2.279576000000000006e+52
4.012726999999999862e+02 2.276759000000000120e+52
4.025754999999999768e+02 2.273905999999999895e+52
4.038867999999999938e+02 2.271017999999999962e+52
4.052065999999999804e+02 2.268095000000000055e+52
4.065350999999999999e+02 2.265136000000000075e+52
4.078724000000000274e+02 2.262141000000000023e+52
4.092183999999999742e+02 2.259110999999999996e+52
4.105733999999999924e+02 2.256044999999999897e+52
4.119374000000000251e+02 2.252942999999999991e+52
4.133104999999999905e+02 2.249806000000000111e+52
4.146927000000000021e+02 2.246632000000000061e+52
4.160842999999999847e+02 2.243423000000000036e+52
4.174852000000000203e+02 2.240177999999999938e+52
4.188956000000000017e+02 2.236895999999999936e+52
4.203154999999999859e+02 2.233578999999999960e+52
4.217450999999999794e+02 2.230225000000000079e+52
4.231845000000000141e+02 2.226835999999999957e+52
4.246336999999999762e+02 2.223409999999999931e+52
4.260928000000000111e+02 2.219948000000000099e+52
4.275620999999999867e+02 2.216449000000000096e+52
4.290414999999999850e+02 2.212914000000000020e+52
4.305312000000000126e+02 2.209342000000000040e+52
4.320312000000000126e+02 2.205733999999999988e+52
4.335418000000000234e+02 2.202089000000000031e+52
4.350629000000000133e+02 2.198406999999999903e+52
4.365948000000000206e+02 2.194687999999999871e+52
4.381374999999999886e+02 2.190931999999999935e+52
4.396911000000000058e+02 2.187139000000000093e+52
4.412558000000000220e+02 2.183309000000000081e+52
4.428315999999999804e+02 2.179441999999999899e+52
4.444187999999999761e+02 2.175536999999999980e+52
4.460172999999999774e+02 2.171594000000000059e+52
4.476274999999999977e+02 2.167613999999999967e+52
4.492491999999999734e+02 2.163596999999999970e+52
4.508827999999999747e+02 2.159540999999999873e+52
4.525283000000000015e+02 2.155447000000000039e+52
4.541859000000000037e+02 2.151316000000000034e+52
4.558555999999999813e+02 2.147145000000000097e+52
4.575376999999999725e+02 2.142936999999999989e+52
4.592321999999999775e+02 2.138690000000000046e+52
4.609393000000000029e+02 2.134404000000000003e+52
4.626591999999999985e+02 2.130079999999999957e+52
4.643919000000000210e+02 2.125715999999999979e+52
4.661376999999999953e+02 2.121313999999999998e+52
4.678965999999999781e+02 2.116872000000000084e+52
4.696689000000000078e+02 2.112391000000000069e+52
4.714546000000000276e+02 2.107870000000000122e+52
4.732540000000000191e+02 2.103308999999999976e+52
4.750672000000000139e+02 2.098707999999999897e+52
4.768942999999999870e+02 2.094067999999999983e+52
4.787355000000000018e+02 2.089385999999999941e+52
4.805910000000000082e+02 2.084665000000000064e+52
4.824608999999999810e+02 2.079902999999999890e+52
4.843455000000000155e+02 2.075099000000000119e+52
4.862447999999999979e+02 2.070254999999999883e+52
4.881589999999999918e+02 2.065369999999999883e+52
4.900885000000000105e+02 2.060443000000000019e+52
4.920332000000000221e+02 2.055474000000000027e+52
4.939934000000000083e+02 2.050464000000000004e+52
4.959692999999999756e+02 2.045411000000000020e+52
4.979610999999999876e+02 2.040315999999999907e+52
4.999689000000000192e+02 2.035178999999999931e+52
5.019929999999999950e+02 2.029998999999999995e+52
5.040335000000000036e+02 2.024776000000000097e+52
5.060907000000000266e+02 2.019508999999999874e+52
5.081648000000000138e+02 2.014200000000000054e+52
5.102558999999999969e+02 2.008846000000000078e+52
5.123642999999999574e+02 2.003448999999999874e+52
5.144901999999999589e+02 1.998007000000000045e+52
5.166337999999999511e+02 1.992520999999999891e+52
5.187953999999999724e+02 1.986990999999999944e+52
5.209750999999999976e+02 1.981415000000000008e+52
5.231731999999999516e+02 1.975793999999999915e+52
5.253899000000000115e+02 1.970127999999999931e+52
5.276254999999999882e+02 1.964415999999999958e+52
5.298803000000000338e+02 1.958657999999999995e+52
5.321543000000000347e+02 1.952854000000000043e+52
5.344479999999999791e+02 1.947004000000000102e+52
5.367614999999999554e+02 1.941105999999999976e+52
5.390951999999999771e+02 1.935162000000000127e+52
5.414492000000000189e+02 1.929170999999999924e+52
5.438238999999999805e+02 1.923130999999999970e+52
5.462195000000000391e+02 1.917043999999999929e+52
5.486363000000000056e+02 1.910908999999999968e+52
5.510744999999999436e+02 1.904724999999999991e+52
5.535345999999999549e+02 1.898493000000000093e+52
5.560167000000000144e+02 1.892211999999999913e+52
5.585212000000000216e+02 1.885880999999999883e+52
5.610483000000000402e+02 1.879501000000000101e+52
5.635983999999999696e+02 1.873070999999999938e+52
5.661717999999999620e+02 1.866590999999999926e+52
5.687688000000000557e+02 1.860059999999999966e+52
5.713896999999999480e+02 1.853478999999999891e+52
5.740348999999999933e+02 1.846846000000000036e+52
5.767047000000000025e+02 1.840163000000000066e+52
5.793994999999999891e+02 1.833426999999999952e+52
5.821195000000000164e+02 1.826640999999999989e+52
5.848651999999999589e+02 1.819801000000000050e+52
5.876369999999999436e+02 1.812909999999999897e+52
5.904351000000000340e+02 1.805966000000000133e+52
5.932599999999999909e+02 1.798968000000000127e+52
5.961121000000000549e+02 1.791918000000000075e+52
5.989917000000000371e+02 1.784814000000000048e+52
6.018993000000000393e+02 1.777656000000000045e+52
6.048352999999999611e+02 1.770444000000000066e+52
6.077999999999999545e+02 1.763178000000000112e+52
6.107939000000000078e+02 1.755857000000000083e+52
6.138174999999999955e+02 1.748482000000000080e+52
6.168712000000000444e+02 1.741050999999999904e+52
6.199554000000000542e+02 1.733564999999999920e+52
6.230706000000000131e+02 1.726023000000000031e+52
6.262173000000000229e+02 1.718426000000000067e+52
6.293958999999999833e+02 1.710772000000000100e+52
6.326068999999999960e+02 1.703061999999999961e+52
6.358509000000000242e+02 1.695295999999999917e+52
6.391282999999999674e+02 1.687472999999999868e+52
6.424397000000000162e+02 1.679593000000000081e+52
6.457854999999999563e+02 1.671654999999999926e+52
6.491663999999999533e+02 1.663661000000000132e+52
6.525828999999999951e+02 1.655608999999999969e+52
6.560354999999999563e+02 1.647498999999999971e+52
6.595249000000000024e+02 1.639330999999999870e+52
6.630516000000000076e+02 1.631104999999999933e+52
6.666162000000000489e+02 1.622820999999999895e+52
6.702192999999999756e+02 1.614479000000000020e+52
6.738615999999999531e+02 1.606077999999999946e+52
6.775436999999999443e+02 1.597619000000000035e+52
6.812663000000000011e+02 1.589100999999999925e+52
6.850299999999999727e+02 1.580523999999999880e+52
6.888355000000000246e+02 1.571888999999999999e+52
6.926834999999999809e+02 1.563194000000000086e+52
6.965747999999999820e+02 1.554439999999999973e+52
7.005099999999999909e+02 1.545628000000000024e+52
7.044900000000000091e+02 1.536756000000000043e+52
7.085153999999999996e+02 1.527825000000000128e+52
7.125870999999999640e+02 1.518835000000000013e+52
7.167059000000000424e+02 1.509785999999999964e+52
7.208724999999999454e+02 1.500677999999999981e+52
7.250878999999999905e+02 1.491511000000000063e+52
7.293528999999999769e+02 1.482284999999999946e+52
7.336683000000000447e+02 1.472999000000000062e+52
7.380351000000000568e+02 1.463655999999999909e+52
7.424542000000000144e+02 1.454252999999999989e+52
7.469266000000000076e+02 1.444791999999999967e+52
7.514530999999999494e+02 1.435272000000000012e+52
7.560348999999999933e+02 1.425693999999999954e+52
7.606728000000000520e+02 1.416058000000000060e+52
7.653681000000000267e+02 1.406364999999999897e+52
7.701215999999999440e+02 1.396613000000000065e+52
7.749346000000000458e+02 1.386803999999999964e+52
7.798080999999999676e+02 1.376938999999999956e+52
7.847432000000000016e+02 1.367016000000000113e+52
7.897413000000000238e+02 1.357037000000000097e+52
7.948034000000000106e+02 1.347001000000000078e+52
7.999307999999999765e+02 1.336909999999999985e+52
8.051249000000000251e+02 1.326762999999999986e+52
8.103867999999999938e+02 1.316562000000000012e+52
8.157178999999999860e+02 1.306305999999999964e+52
8.211196999999999662e+02 1.295995000000000107e+52
8.265933999999999742e+02 1.285631000000000107e+52
8.321407000000000380e+02 1.275213999999999964e+52
8.377627999999999702e+02 1.264745000000000041e+52
8.434615000000000009e+02 1.254222999999999974e+52
8.492382999999999811e+02 1.243649999999999960e+52
8.550946999999999889e+02 1.233027000000000096e+52
8.610324000000000524e+02 1.222353000000000019e+52
8.670531999999999471e+02 1.211629000000000093e+52
8.731588000000000420e+02 1.200856999999999981e+52
8.793509999999999991e+02 1.190036999999999950e+52
8.856316000000000486e+02 1.179169999999999964e+52
8.920026000000000295e+02 1.168256000000000025e+52
8.984659000000000333e+02 1.157297000000000061e+52
9.050235999999999876e+02 1.146292999999999940e+52
9.116776999999999589e+02 1.135245000000000026e+52
9.184302999999999884e+02 1.124154999999999983e+52
9.252838000000000420e+02 1.113021999999999979e+52
9.322403000000000475e+02 1.101847999999999945e+52
9.393021999999999707e+02 1.090634999999999943e+52
9.464719000000000051e+02 1.079382000000000008e+52
9.537518999999999778e+02 1.068092000000000035e+52
9.611446999999999434e+02 1.056765000000000025e+52
9.686530999999999949e+02 1.045403000000000040e+52
9.762797000000000480e+02 1.034005999999999948e+52
9.840272999999999683e+02 1.022575999999999945e+52
9.918989000000000260e+02 1.011113999999999996e+52
9.998973999999999478e+02 9.996220000000000302e+51
1.008025999999999954e+03 9.881004999999999647e+51
1.016288000000000011e+03 9.765511999999999393e+51
1.024685999999999922e+03 9.649753999999999750e+51
1.033224999999999909e+03 9.533745000000000230e+51
1.041905999999999949e+03 9.417501000000000273e+51
1.050734999999999900e+03 9.301035999999999393e+51
1.059714999999999918e+03 9.184367000000000317e+51
1.068849999999999909e+03 9.067507000000000598e+51
1.078143000000000029e+03 8.950473000000000308e+51
1.087599999999999909e+03 8.833283999999999447e+51
1.097223999999999933e+03 8.715952000000000256e+51
1.107019999999999982e+03 8.598499000000000636e+51
1.116991999999999962e+03 8.480937999999999470e+51
1.127145999999999958e+03 8.363290999999999977e+51
1.137484999999999900e+03 8.245572000000000339e+51
1.148017000000000053e+03 8.127802000000000488e+51
1.158744999999999891e+03 8.010000000000000424e+51
1.169674999999999955e+03 7.892183999999999520e+51
1.180814000000000078e+03 7.774373999999999736e+51
1.192166999999999916e+03 7.656588999999999744e+51
1.203740000000000009e+03 7.538849999999999475e+51
1.215539999999999964e+03 7.421176999999999561e+51
1.227574000000000069e+03 7.303590000000000631e+51
1.239848999999999933e+03 7.186111999999999891e+51
1.252371000000000095e+03 7.068763000000000628e+51
1.265148999999999887e+03 6.951564000000000117e+51
1.278191000000000031e+03 6.834539000000000177e+51
1.291503999999999905e+03 6.717708000000000110e+51
1.305096999999999980e+03 6.601095000000000408e+51
1.318980000000000018e+03 6.484720999999999674e+51
1.333161000000000058e+03 6.368611999999999657e+51
1.347650000000000091e+03 6.252789000000000290e+51
1.362458000000000084e+03 6.137275000000000104e+51
1.377594000000000051e+03 6.022095999999999521e+51
1.393070999999999913e+03 5.907274999999999733e+51
1.408900000000000091e+03 5.792835999999999901e+51
1.425092000000000098e+03 5.678803999999999818e+51
1.441661000000000058e+03 5.565202999999999973e+51
1.458619999999999891e+03 5.452059000000000126e+51
1.475981999999999971e+03 5.339395000000000136e+51
1.493762999999999920e+03 5.227238999999999692e+51
1.511978000000000065e+03 5.115614999999999949e+51
1.530642000000000053e+03 5.004548999999999999e+51
1.549771999999999935e+03 4.894064999999999670e+51
1.569386999999999944e+03 4.784191999999999943e+51
1.589505000000000109e+03 4.674953999999999979e+51
1.610144999999999982e+03 4.566376000000000236e+51
1.631328999999999951e+03 4.458488000000000330e+51
1.653076999999999998e+03 4.351312000000000159e+51
1.675412000000000035e+03 4.244878000000000003e+51
1.698359999999999900e+03 4.139209999999999691e+51
1.721944999999999936e+03 4.034336000000000238e+51
1.746194999999999936e+03 3.930281000000000106e+51
1.771136999999999944e+03 3.827073000000000313e+51
1.796801999999999907e+03 3.724737999999999950e+51
1.823221000000000004e+03 3.623302000000000103e+51
1.850429000000000087e+03 3.522791999999999831e+51
1.878461999999999989e+03 3.423235000000000184e+51
1.907356999999999971e+03 3.324657000000000255e+51
1.937154999999999973e+03 3.227082999999999835e+51
1.967897999999999911e+03 3.130540999999999940e+51
1.999634000000000015e+03 3.035055999999999699e+51
2.032409000000000106e+03 2.940655000000000162e+51
2.066277000000000044e+03 2.847363000000000124e+51
2.101293000000000120e+03 2.755206000000000007e+51
2.137516000000000076e+03 2.664208999999999935e+51
2.175009000000000015e+03 2.574398999999999962e+51
2.213842000000000098e+03 2.485798999999999950e+51
2.254085999999999785e+03 2.398434000000000023e+51
2.295820999999999913e+03 2.312329999999999938e+51
2.339130000000000109e+03 2.227509999999999888e+51
2.384105000000000018e+03 2.143998999999999999e+51
2.430842999999999847e+03 2.061820000000000132e+51
2.479449999999999818e+03 1.980996000000000147e+51
2.530039999999999964e+03 1.901550999999999874e+51
2.582739000000000033e+03 1.823507999999999836e+51
2.637679000000000087e+03 1.746887000000000001e+51
2.695007000000000062e+03 1.671711999999999864e+51
2.754882999999999811e+03 1.598004000000000020e+51
2.817480000000000018e+03 1.525782000000000138e+51
2.882987000000000080e+03 1.455069000000000080e+51
2.951612999999999829e+03 1.385884000000000014e+51
3.023585999999999785e+03 1.318244999999999976e+51
3.099157000000000153e+03 1.252173000000000062e+51
3.178601999999999862e+03 1.187685000000000013e+51
3.262228000000000065e+03 1.124798000000000066e+51
3.350371999999999844e+03 1.063531000000000055e+51
3.443411999999999807e+03 1.003897999999999990e+51
3.541766999999999825e+03 9.459169000000000116e+50
3.645907000000000153e+03 8.896011999999999795e+50
3.756355000000000018e+03 8.349654999999999493e+50
3.873704000000000178e+03 7.820230999999999885e+50
3.998621999999999844e+03 7.307868000000000156e+50
4.131864999999999782e+03 6.812683999999999844e+50
4.274293999999999869e+03 6.334785999999999865e+50
4.426893000000000029e+03 5.874274999999999849e+50
4.590792000000000371e+03 5.431240000000000179e+50
4.767292999999999665e+03 5.005759000000000126e+50
4.957908000000000357e+03 4.597900999999999940e+50
5.164400999999999840e+03 4.207718999999999763e+50
5.388842999999999847e+03 3.835255000000000290e+50
5.633679000000000087e+03 3.480533999999999817e+50
5.901822000000000116e+03 3.143564000000000059e+50
6.196765999999999622e+03 2.824331999999999890e+50
6.522739999999999782e+03 2.522801999999999904e+50
6.884912999999999556e+03 2.238910000000000092e+50
7.289670000000000073e+03 1.972561999999999829e+50
7.744988999999999578e+03 1.723625999999999904e+50
8.260977999999999156e+03 1.491936000000000047e+50
8.850627000000000407e+03 1.277290999999999964e+50
9.530921000000000276e+03 1.079457999999999980e+50
