3.002282999999999902e+02 6.864133000000000367e+52
3.009569999999999936e+02 6.832327999999999605e+52
3.016892000000000280e+02 6.800559000000000244e+52
3.024250000000000114e+02 6.768827000000000523e+52
3.031644000000000005e+02 6.737131000000000076e+52
3.039073999999999955e+02 6.705472999999999632e+52
3.046541000000000281e+02 6.673851999999999890e+52
3.054044999999999845e+02 6.642270000000000514e+52
3.061585999999999785e+02 6.610727999999999742e+52
3.069164000000000101e+02 6.579225999999999701e+52
3.076779000000000224e+02 6.547764000000000389e+52
3.084433000000000220e+02 6.516341999999999682e+52
3.092124000000000024e+02 6.484962999999999732e+52
3.099855000000000018e+02 6.453626000000000178e+52
3.107622999999999820e+02 6.422330999999999955e+52
3.115430999999999813e+02 6.391079999999999790e+52
3.123278999999999996e+02 6.359872000000000385e+52
3.131164999999999736e+02 6.328709000000000338e+52
3.139091999999999985e+02 6.297590999999999652e+52
3.147058999999999855e+02 6.266518999999999751e+52
3.155067000000000235e+02 6.235492999999999575e+52
3.163115000000000236e+02 6.204514999999999849e+52
3.171204999999999927e+02 6.173582999999999847e+52
3.179336000000000126e+02 6.142699000000000295e+52
3.187509000000000015e+02 6.111864999999999796e+52
3.195724000000000160e+02 6.081078999999999748e+52
3.203980999999999995e+02 6.050342999999999815e+52
3.212282000000000153e+02 6.019658000000000361e+52
3.220625000000000000e+02 5.989024000000000323e+52
3.229012000000000171e+02 5.958440999999999701e+52
3.237441999999999780e+02 5.927911000000000286e+52
3.245917000000000030e+02 5.897432999999999587e+52
3.254436000000000035e+02 5.867009000000000460e+52
3.263000000000000114e+02 5.836638999999999712e+52
3.271610000000000014e+02 5.806322999999999472e+52
3.280264999999999986e+02 5.776063000000000468e+52
3.288965000000000032e+02 5.745858000000000208e+52
3.297712000000000216e+02 5.715710999999999784e+52
3.306505999999999972e+02 5.685619000000000231e+52
3.315346999999999866e+02 5.655585999999999815e+52
3.324234999999999900e+02 5.625611000000000298e+52
3.333170999999999822e+02 5.595693999999999554e+52
3.342155000000000200e+02 5.565837000000000437e+52
3.351186999999999898e+02 5.536039999999999757e+52
3.360269000000000119e+02 5.506302999999999641e+52
3.369399999999999977e+02 5.476627999999999753e+52
3.378580000000000041e+02 5.447013999999999730e+52
3.387810999999999808e+02 5.417463000000000298e+52
3.397092999999999847e+02 5.387975000000000395e+52
3.406424999999999841e+02 5.358550000000000021e+52
3.415808999999999855e+02 5.329189999999999903e+52
3.425244999999999891e+02 5.299893999999999677e+52
3.434732999999999947e+02 5.270662999999999708e+52
3.444273000000000025e+02 5.241498000000000359e+52
3.453867000000000189e+02 5.212399999999999867e+52
3.463514000000000124e+02 5.183369000000000359e+52
3.473215999999999894e+02 5.154406000000000072e+52
3.482971999999999753e+02 5.125511000000000070e+52
3.492783000000000015e+02 5.096684000000000353e+52
3.502649000000000115e+02 5.067926999999999521e+52
3.512570999999999799e+02 5.039241000000000065e+52
3.522549999999999955e+02 5.010624000000000194e+52
3.532585000000000264e+02 4.982078999999999936e+52
3.542678000000000225e+02 4.953606000000000355e+52
3.552828999999999837e+02 4.925204000000000023e+52
3.563038000000000238e+02 4.896876000000000032e+52
3.573306000000000040e+02 4.868621000000000018e+52
3.583632999999999811e+02 4.840440999999999645e+52
3.594019999999999868e+02 4.812334000000000313e+52
3.604467000000000212e+02 4.784302999999999922e+52
3.614975999999999772e+02 4.756348000000000069e+52
3.625545999999999935e+02 4.728469000000000221e+52
3.636177000000000135e+02 4.700667000000000210e+52
3.646872000000000185e+02 4.672941000000000204e+52
3.657629000000000019e+02 4.645294000000000232e+52
3.668450000000000273e+02 4.617725999999999762e+52
3.679334999999999809e+02 4.590236000000000024e+52
3.690285000000000082e+02 4.562826000000000152e+52
3.701301000000000272e+02 4.535496000000000146e+52
3.712382000000000062e+02 4.508246999999999838e+52
3.723530000000000086e+02 4.481078999999999758e+52
3.734744999999999777e+02 4.453992999999999741e+52
3.746028000000000020e+02 4.426988999999999785e+52
3.757379999999999995e+02 4.400066999999999891e+52
3.768799999999999955e+02 4.373229000000000254e+52
3.780289999999999964e+02 4.346474999999999812e+52
3.791850000000000023e+02 4.319805000000000159e+52
3.803480999999999881e+02 4.293219000000000232e+52
3.815183000000000106e+02 4.266719000000000227e+52
3.826958000000000197e+02 4.240305000000000143e+52
3.838806000000000154e+02 4.213976999999999982e+52
3.850727999999999724e+02 4.187736000000000107e+52
3.862722999999999729e+02 4.161581999999999986e+52
3.874793999999999983e+02 4.135515999999999982e+52
3.886940000000000168e+02 4.109538999999999929e+52
3.899162999999999784e+02 4.083649999999999994e+52
3.911462999999999965e+02 4.057850000000000009e+52
3.923840000000000146e+02 4.032138999999999974e+52
3.936297000000000139e+02 4.006519000000000086e+52
3.948831999999999880e+02 3.980989999999999812e+52
3.961447999999999752e+02 3.955550999999999852e+52
3.974144000000000005e+02 3.930203999999999870e+52
3.986922999999999888e+02 3.904948999999999866e+52
3.999782999999999902e+02 3.879785999999999841e+52
4.012726999999999862e+02 3.854716000000000159e+52
4.025754999999999768e+02 3.829738999999999755e+52
4.038867999999999938e+02 3.804856000000000057e+52
4.052065999999999804e+02 3.780066000000000169e+52
4.065350999999999999e+02 3.755370999999999757e+52
4.078724000000000274e+02 3.730770999999999882e+52
4.092183999999999742e+02 3.706266000000000014e+52
4.105733999999999924e+02 3.681856000000000153e+52
4.119374000000000251e+02 3.657542000000000131e+52
4.133104999999999905e+02 3.633324999999999779e+52
4.146927000000000021e+02 3.609203999999999798e+52
4.160842999999999847e+02 3.585180999999999851e+52
4.174852000000000203e+02 3.561253999999999743e+52
4.188956000000000017e+02 3.537426000000000034e+52
4.203154999999999859e+02 3.513694999999999995e+52
4.217450999999999794e+02 3.490062999999999824e+52
4.231845000000000141e+02 3.466529000000000219e+52
4.246336999999999762e+02 3.443094999999999781e+52
4.260928000000000111e+02 3.419758999999999910e+52
4.275620999999999867e+02 3.396522999999999738e+52
4.290414999999999850e+02 3.373386999999999796e+52
4.305312000000000126e+02 3.350351000000000085e+52
4.320312000000000126e+02 3.327415999999999906e+52
4.335418000000000234e+02 3.304580999999999957e+52
4.350629000000000133e+02 3.281847000000000071e+52
4.365948000000000206e+02 3.259214000000000248e+52
4.381374999999999886e+02 3.236682999999999789e+52
4.396911000000000058e+02 3.214252999999999924e+52
4.412558000000000220e+02 3.191924000000000122e+52
4.428315999999999804e+02 3.169698000000000047e+52
4.444187999999999761e+02 3.147573999999999868e+52
4.460172999999999774e+02 3.125552999999999947e+52
4.476274999999999977e+02 3.103633000000000089e+52
4.492491999999999734e+02 3.081816999999999791e+52
4.508827999999999747e+02 3.060103999999999751e+52
4.525283000000000015e+02 3.038493000000000139e+52
4.541859000000000037e+02 3.016986000000000085e+52
4.558555999999999813e+02 2.995581999999999760e+52
4.575376999999999725e+02 2.974281000000000224e+52
4.592321999999999775e+02 2.953082999999999884e+52
4.609393000000000029e+02 2.931990000000000000e+52
4.626591999999999985e+02 2.910999999999999842e+52
4.643919000000000210e+02 2.890112999999999943e+52
4.661376999999999953e+02 2.869330000000000136e+52
4.678965999999999781e+02 2.848652000000000252e+52
4.696689000000000078e+02 2.828077000000000095e+52
4.714546000000000276e+02 2.807605000000000197e+52
4.732540000000000191e+02 2.787238000000000222e+52
4.750672000000000139e+02 2.766974999999999807e+52
4.768942999999999870e+02 2.746815000000000182e+52
4.787355000000000018e+02 2.726759999999999949e+52
4.805910000000000082e+02 2.706807999999999975e+52
4.824608999999999810e+02 2.686960000000000092e+52
4.843455000000000155e+02 2.667214999999999936e+52
4.862447999999999979e+02 2.647575000000000235e+52
4.881589999999999918e+02 2.628036999999999897e+52
4.900885000000000105e+02 2.608603000000000183e+52
4.920332000000000221e+02 2.589273000000000028e+52
4.939934000000000083e+02 2.570046000000000131e+52
4.959692999999999756e+02 2.550921999999999962e+52
4.979610999999999876e+02 2.531900000000000220e+52
4.999689000000000192e+02 2.512982000000000037e+52
5.019929999999999950e+02 2.494165999999999749e+52
5.040335000000000036e+02 2.475453000000000252e+52
5.060907000000000266e+02 2.456842000000000119e+52
5.081648000000000138e+02 2.438332000000000048e+52
5.102558999999999969e+02 2.419925000000000236e+52
5.123642999999999574e+02 2.401618999999999955e+52
5.144901999999999589e+02 2.383415000000000101e+52
5.166337999999999511e+02 2.365310999999999947e+52
5.187953999999999724e+02 2.347308999999999953e+52
5.209750999999999976e+02 2.329406000000000092e+52
5.231731999999999516e+02 2.311604000000000028e+52
5.253899000000000115e+02 2.293901999999999928e+52
5.276254999999999882e+02 2.276298999999999962e+52
5.298803000000000338e+02 2.258795999999999961e+52
5.321543000000000347e+02 2.241390999999999994e+52
5.344479999999999791e+02 2.224084999999999894e+52
5.367614999999999554e+02 2.206877000000000095e+52
5.390951999999999771e+02 2.189765999999999966e+52
5.414492000000000189e+02 2.172752999999999873e+52
5.438238999999999805e+02 2.155836999999999981e+52
5.462195000000000391e+02 2.139016999999999929e+52
5.486363000000000056e+02 2.122292999999999981e+52
5.510744999999999436e+02 2.105664999999999872e+52
5.535345999999999549e+02 2.089132000000000035e+52
5.560167000000000144e+02 2.072693000000000107e+52
5.585212000000000216e+02 2.056348999999999919e+52
5.610483000000000402e+02 2.040098000000000074e+52
5.635983999999999696e+02 2.023940000000000039e+52
5.661717999999999620e+02 2.007873999999999983e+52
5.687688000000000557e+02 1.991901000000000003e+52
5.713896999999999480e+02 1.976018999999999903e+52
5.740348999999999933e+02 1.960227000000000117e+52
5.767047000000000025e+02 1.944525999999999946e+52
5.793994999999999891e+02 1.928915000000000089e+52
5.821195000000000164e+02 1.913392999999999916e+52
5.848651999999999589e+02 1.897959000000000126e+52
5.876369999999999436e+02 1.882612999999999924e+52
5.904351000000000340e+02 1.867354000000000007e+52
5.932599999999999909e+02 1.852181000000000012e+52
5.961121000000000549e+02 1.837095000000000037e+52
5.989917000000000371e+02 1.822093000000000053e+52
6.018993000000000393e+02 1.807176999999999992e+52
6.048352999999999611e+02 1.792344000000000090e+52
6.077999999999999545e+02 1.777594000000000083e+52
6.107939000000000078e+02 1.762925999999999870e+52
6.138174999999999955e+02 1.748339999999999986e+52
6.168712000000000444e+02 1.733835000000000065e+52
6.199554000000000542e+02 1.719410000000000009e+52
6.230706000000000131e+02 1.705065000000000085e+52
6.262173000000000229e+02 1.690798000000000097e+52
6.293958999999999833e+02 1.676609000000000043e+52
6.326068999999999960e+02 1.662497999999999926e+52
6.358509000000000242e+02 1.648463000000000079e+52
6.391282999999999674e+02 1.634502999999999874e+52
6.424397000000000162e+02 1.620618000000000107e+52
6.457854999999999563e+02 1.606806999999999884e+52
6.491663999999999533e+02 1.593068999999999904e+52
6.525828999999999951e+02 1.579403999999999901e+52
6.560354999999999563e+02 1.565809999999999944e+52
6.595249000000000024e+02 1.552287000000000035e+52
6.630516000000000076e+02 1.538834000000000074e+52
6.666162000000000489e+02 1.525449000000000133e+52
6.702192999999999756e+02 1.512133000000000041e+52
6.738615999999999531e+02 1.498884999999999969e+52
6.775436999999999443e+02 1.485702999999999985e+52
6.812663000000000011e+02 1.472585999999999992e+52
6.850299999999999727e+02 1.459535000000000087e+52
6.888355000000000246e+02 1.446546999999999976e+52
6.926834999999999809e+02 1.433621999999999926e+52
6.965747999999999820e+02 1.420759999999999936e+52
7.005099999999999909e+02 1.407959000000000077e+52
7.044900000000000091e+02 1.395219000000000081e+52
7.085153999999999996e+02 1.382539000000000118e+52
7.125870999999999640e+02 1.369916999999999991e+52
7.167059000000000424e+02 1.357354000000000063e+52
7.208724999999999454e+02 1.344847000000000042e+52
7.250878999999999905e+02 1.332397000000000024e+52
7.293528999999999769e+02 1.320002000000000081e+52
7.336683000000000447e+02 1.307661999999999945e+52
7.380351000000000568e+02 1.295376000000000051e+52
7.424542000000000144e+02 1.283143000000000034e+52
7.469266000000000076e+02 1.270962000000000063e+52
7.514530999999999494e+02 1.258832999999999872e+52
7.560348999999999933e+02 1.246754000000000062e+52
7.606728000000000520e+02 1.234724000000000003e+52
7.653681000000000267e+02 1.222744000000000060e+52
7.701215999999999440e+02 1.210812000000000036e+52
7.749346000000000458e+02 1.198927000000000100e+52
7.798080999999999676e+02 1.187088999999999985e+52
7.847432000000000016e+02 1.175296000000000026e+52
7.897413000000000238e+02 1.163549000000000057e+52
7.948034000000000106e+02 1.151846999999999979e+52
7.999307999999999765e+02 1.140187999999999995e+52
8.051249000000000251e+02 1.128571999999999972e+52
8.103867999999999938e+02 1.116997999999999945e+52
8.157178999999999860e+02 1.105466000000000047e+52
8.211196999999999662e+02 1.093973999999999949e+52
8.265933999999999742e+02 1.082523000000000014e+52
8.321407000000000380e+02 1.071112000000000012e+52
8.377627999999999702e+02 1.059739999999999978e+52
8.434615000000000009e+02 1.048405999999999946e+52
8.492382999999999811e+02 1.037110000000000050e+52
8.550946999999999889e+02 1.025852000000000024e+52
8.610324000000000524e+02 1.014629999999999937e+52
8.670531999999999471e+02 1.003444000000000055e+52
8.731588000000000420e+02 9.922943999999999665e+51
8.793509999999999991e+02 9.811799000000000480e+51
8.856316000000000486e+02 9.701001000000000479e+51
8.920026000000000295e+02 9.590547999999999732e+51
8.984659000000000333e+02 9.480435000000000408e+51
9.050235999999999876e+02 9.370657999999999987e+51
9.116776999999999589e+02 9.261212000000000639e+51
9.184302999999999884e+02 9.152096000000000404e+51
9.252838000000000420e+02 9.043305999999999422e+51
9.322403000000000475e+02 8.934838999999999791e+51
9.393021999999999707e+02 8.826691999999999623e+51
9.464719000000000051e+02 8.718863000000000316e+51
9.537518999999999778e+02 8.611350999999999911e+51
9.611446999999999434e+02 8.504153000000000508e+51
9.686530999999999949e+02 8.397268000000000147e+51
9.762797000000000480e+02 8.290694999999999527e+51
9.840272999999999683e+02 8.184432999999999349e+51
9.918989000000000260e+02 8.078481000000000311e+51
9.998973999999999478e+02 7.972840000000000385e+51
1.008025999999999954e+03 7.867509999999999571e+51
1.016288000000000011e+03 7.762491000000000527e+51
1.024685999999999922e+03 7.657781999999999966e+51
1.033224999999999909e+03 7.553385000000000476e+51
1.041905999999999949e+03 7.449304000000000587e+51
1.050734999999999900e+03 7.345537999999999671e+51
1.059714999999999918e+03 7.242091000000000246e+51
1.068849999999999909e+03 7.138964000000000283e+51
1.078143000000000029e+03 7.036158999999999713e+51
1.087599999999999909e+03 6.933681000000000355e+51
1.097223999999999933e+03 6.831531999999999480e+51
1.107019999999999982e+03 6.729717999999999538e+51
1.116991999999999962e+03 6.628239999999999828e+51
1.127145999999999958e+03 6.527104999999999443e+51
1.137484999999999900e+03 6.426316000000000271e+51
1.148017000000000053e+03 6.325880000000000074e+51
1.158744999999999891e+03 6.225802999999999971e+51
1.169674999999999955e+03 6.126088999999999824e+51
1.180814000000000078e+03 6.026745000000000051e+51
1.192166999999999916e+03 5.927777999999999745e+51
1.203740000000000009e+03 5.829194999999999990e+51
1.215539999999999964e+03 5.731003999999999843e+51
1.227574000000000069e+03 5.633209999999999792e+51
1.239848999999999933e+03 5.535825000000000085e+51
1.252371000000000095e+03 5.438853999999999881e+51
1.265148999999999887e+03 5.342309000000000092e+51
1.278191000000000031e+03 5.246195999999999842e+51
1.291503999999999905e+03 5.150527000000000043e+51
1.305096999999999980e+03 5.055310999999999716e+51
1.318980000000000018e+03 4.960556999999999875e+51
1.333161000000000058e+03 4.866277000000000101e+51
1.347650000000000091e+03 4.772481000000000046e+51
1.362458000000000084e+03 4.679179000000000025e+51
1.377594000000000051e+03 4.586385000000000214e+51
1.393070999999999913e+03 4.494110000000000229e+51
1.408900000000000091e+03 4.402364999999999685e+51
1.425092000000000098e+03 4.311163000000000124e+51
1.441661000000000058e+03 4.220515999999999796e+51
1.458619999999999891e+03 4.130438000000000206e+51
1.475981999999999971e+03 4.040942000000000238e+51
1.493762999999999920e+03 3.952040000000000135e+51
1.511978000000000065e+03 3.863747000000000039e+51
1.530642000000000053e+03 3.776078000000000091e+51
1.549771999999999935e+03 3.689043999999999906e+51
1.569386999999999944e+03 3.602662000000000222e+51
1.589505000000000109e+03 3.516945999999999883e+51
1.610144999999999982e+03 3.431909999999999732e+51
1.631328999999999951e+03 3.347569999999999873e+51
1.653076999999999998e+03 3.263940999999999783e+51
1.675412000000000035e+03 3.181038000000000268e+51
1.698359999999999900e+03 3.098876000000000139e+51
1.721944999999999936e+03 3.017472000000000133e+51
1.746194999999999936e+03 2.936840000000000092e+51
1.771136999999999944e+03 2.856998000000000053e+51
1.796801999999999907e+03 2.777959999999999860e+51
1.823221000000000004e+03 2.699742999999999915e+51
1.850429000000000087e+03 2.622362999999999993e+51
1.878461999999999989e+03 2.545834999999999902e+51
1.907356999999999971e+03 2.470177999999999977e+51
1.937154999999999973e+03 2.395405000000000094e+51
1.967897999999999911e+03 2.321533999999999959e+51
1.999634000000000015e+03 2.248581000000000010e+51
2.032409000000000106e+03 2.176562000000000019e+51
2.066277000000000044e+03 2.105492000000000129e+51
2.101293000000000120e+03 2.035389000000000044e+51
2.137516000000000076e+03 1.966267999999999903e+51
2.175009000000000015e+03 1.898145000000000146e+51
2.213842000000000098e+03 1.831034999999999917e+51
2.254085999999999785e+03 1.764953999999999986e+51
2.295820999999999913e+03 1.699918000000000126e+51
2.339130000000000109e+03 1.635942000000000148e+51
2.384105000000000018e+03 1.573039999999999893e+51
2.430842999999999847e+03 1.511229000000000098e+51
2.479449999999999818e+03 1.450521000000000012e+51
2.530039999999999964e+03 1.390932000000000073e+51
2.582739000000000033e+03 1.332474999999999993e+51
2.637679000000000087e+03 1.275165000000000080e+51
2.695007000000000062e+03 1.219014000000000080e+51
2.754882999999999811e+03 1.164036000000000003e+51
2.817480000000000018e+03 1.110242999999999930e+51
2.882987000000000080e+03 1.057648000000000070e+51
2.951612999999999829e+03 1.006263000000000005e+51
3.023585999999999785e+03 9.560983000000000723e+50
3.099157000000000153e+03 9.071657999999999572e+50
3.178601999999999862e+03 8.594757999999999976e+50
3.262228000000000065e+03 8.130381999999999476e+50
3.350371999999999844e+03 7.678624000000000771e+50
3.443411999999999807e+03 7.239572000000000291e+50
3.541766999999999825e+03 6.813307000000000027e+50
3.645907000000000153e+03 6.399904999999999651e+50
3.756355000000000018e+03 5.999432000000000016e+50
3.873704000000000178e+03 5.611947999999999859e+50
3.998621999999999844e+03 5.237502999999999926e+50
4.131864999999999782e+03 4.876139999999999879e+50
4.274293999999999869e+03 4.527887999999999703e+50
4.426893000000000029e+03 4.192768000000000159e+50
4.590792000000000371e+03 3.870786999999999841e+50
4.767292999999999665e+03 3.561938999999999955e+50
4.957908000000000357e+03 3.266205000000000166e+50
5.164400999999999840e+03 2.983550999999999836e+50
5.388842999999999847e+03 2.713924999999999864e+50
5.633679000000000087e+03 2.457262999999999827e+50
5.901822000000000116e+03 2.213485000000000025e+50
6.196765999999999622e+03 1.982498999999999849e+50
6.522739999999999782e+03 1.764206000000000096e+50
6.884912999999999556e+03 1.558505000000000097e+50
7.289670000000000073e+03 1.365299000000000040e+50
7.744988999999999578e+03 1.184515000000000064e+50
8.260977999999999156e+03 1.016108000000000079e+50
8.850627000000000407e+03 8.600860000000000333e+49
9.530921000000000276e+03 7.165231999999999623e+49
