3.002282999999999902e+02 8.223553999999999715e+50
3.009569999999999936e+02 8.276562999999999411e+50
3.016892000000000280e+02 8.329735000000000395e+50
3.024250000000000114e+02 8.383067999999999747e+50
3.031644000000000005e+02 8.436559999999999528e+50
3.039073999999999955e+02 8.490209000000000143e+50
3.046541000000000281e+02 8.544011999999999701e+50
3.054044999999999845e+02 8.597968999999999865e+50
3.061585999999999785e+02 8.652077000000000406e+50
3.069164000000000101e+02 8.706332000000000468e+50
3.076779000000000224e+02 8.760734000000000050e+50
3.084433000000000220e+02 8.815277999999999327e+50
3.092124000000000024e+02 8.869963999999999960e+50
3.099855000000000018e+02 8.924789000000000061e+50
3.107622999999999820e+02 8.979749999999999402e+50
3.115430999999999813e+02 9.034843999999999417e+50
3.123278999999999996e+02 9.090069000000000507e+50
3.131164999999999736e+02 9.145422999999999752e+50
3.139091999999999985e+02 9.200901999999999618e+50
3.147058999999999855e+02 9.256504000000000507e+50
3.155067000000000235e+02 9.312226999999999498e+50
3.163115000000000236e+02 9.368066000000000089e+50
3.171204999999999927e+02 9.424019999999999988e+50
3.179336000000000126e+02 9.480084999999999999e+50
3.187509000000000015e+02 9.536259000000000525e+50
3.195724000000000160e+02 9.592538000000000709e+50
3.203980999999999995e+02 9.648919000000000322e+50
3.212282000000000153e+02 9.705399999999999767e+50
3.220625000000000000e+02 9.761975999999999219e+50
3.229012000000000171e+02 9.818645999999999709e+50
3.237441999999999780e+02 9.875403000000000153e+50
3.245917000000000030e+02 9.932247999999999519e+50
3.254436000000000035e+02 9.989175000000000674e+50
3.263000000000000114e+02 1.004617999999999944e+51
3.271610000000000014e+02 1.010326000000000057e+51
3.280264999999999986e+02 1.016042000000000057e+51
3.288965000000000032e+02 1.021764000000000013e+51
3.297712000000000216e+02 1.027493000000000058e+51
3.306505999999999972e+02 1.033228000000000059e+51
3.315346999999999866e+02 1.038968000000000052e+51
3.324234999999999900e+02 1.044714000000000002e+51
3.333170999999999822e+02 1.050464999999999943e+51
3.342155000000000200e+02 1.056220000000000076e+51
3.351186999999999898e+02 1.061980000000000036e+51
3.360269000000000119e+02 1.067743000000000056e+51
3.369399999999999977e+02 1.073509999999999937e+51
3.378580000000000041e+02 1.079280000000000046e+51
3.387810999999999808e+02 1.085051999999999919e+51
3.397092999999999847e+02 1.090826000000000054e+51
3.406424999999999841e+02 1.096601999999999953e+51
3.415808999999999855e+02 1.102378999999999983e+51
3.425244999999999891e+02 1.108156999999999979e+51
3.434732999999999947e+02 1.113934999999999974e+51
3.444273000000000025e+02 1.119712999999999970e+51
3.453867000000000189e+02 1.125490999999999965e+51
3.463514000000000124e+02 1.131267000000000030e+51
3.473215999999999894e+02 1.137041999999999964e+51
3.482971999999999753e+02 1.142814999999999968e+51
3.492783000000000015e+02 1.148585000000000077e+51
3.502649000000000115e+02 1.154351999999999958e+51
3.512570999999999799e+02 1.160115999999999943e+51
3.522549999999999955e+02 1.165876000000000069e+51
3.532585000000000264e+02 1.171632000000000002e+51
3.542678000000000225e+02 1.177381999999999978e+51
3.552828999999999837e+02 1.183126999999999962e+51
3.563038000000000238e+02 1.188865999999999990e+51
3.573306000000000040e+02 1.194597999999999930e+51
3.583632999999999811e+02 1.200322999999999948e+51
3.594019999999999868e+02 1.206040000000000079e+51
3.604467000000000212e+02 1.211749999999999956e+51
3.614975999999999772e+02 1.217450000000000016e+51
3.625545999999999935e+02 1.223141000000000058e+51
3.636177000000000135e+02 1.228823000000000082e+51
3.646872000000000185e+02 1.234493000000000026e+51
3.657629000000000019e+02 1.240152999999999987e+51
3.668450000000000273e+02 1.245801000000000035e+51
3.679334999999999809e+02 1.251437000000000003e+51
3.690285000000000082e+02 1.257061000000000058e+51
3.701301000000000272e+02 1.262669999999999972e+51
3.712382000000000062e+02 1.268266000000000007e+51
3.723530000000000086e+02 1.273848000000000033e+51
3.734744999999999777e+02 1.279413999999999952e+51
3.746028000000000020e+02 1.284963999999999932e+51
3.757379999999999995e+02 1.290497999999999972e+51
3.768799999999999955e+02 1.296013999999999976e+51
3.780289999999999964e+02 1.301513000000000074e+51
3.791850000000000023e+02 1.306993999999999971e+51
3.803480999999999881e+02 1.312455000000000067e+51
3.815183000000000106e+02 1.317896999999999995e+51
3.826958000000000197e+02 1.323318999999999958e+51
3.838806000000000154e+02 1.328719000000000023e+51
3.850727999999999724e+02 1.334097999999999991e+51
3.862722999999999729e+02 1.339453999999999931e+51
3.874793999999999983e+02 1.344787999999999975e+51
3.886940000000000168e+02 1.350098000000000026e+51
3.899162999999999784e+02 1.355382999999999952e+51
3.911462999999999965e+02 1.360642999999999921e+51
3.923840000000000146e+02 1.365877999999999931e+51
3.936297000000000139e+02 1.371086000000000054e+51
3.948831999999999880e+02 1.376265999999999990e+51
3.961447999999999752e+02 1.381419000000000039e+51
3.974144000000000005e+02 1.386542999999999937e+51
3.986922999999999888e+02 1.391638000000000017e+51
3.999782999999999902e+02 1.396702999999999980e+51
4.012726999999999862e+02 1.401737000000000030e+51
4.025754999999999768e+02 1.406739000000000033e+51
4.038867999999999938e+02 1.411708999999999990e+51
4.052065999999999804e+02 1.416644999999999971e+51
4.065350999999999999e+02 1.421549000000000073e+51
4.078724000000000274e+02 1.426416999999999936e+51
4.092183999999999742e+02 1.431250000000000024e+51
4.105733999999999924e+02 1.436047000000000039e+51
4.119374000000000251e+02 1.440807000000000017e+51
4.133104999999999905e+02 1.445529999999999957e+51
4.146927000000000021e+02 1.450213999999999930e+51
4.160842999999999847e+02 1.454858999999999935e+51
4.174852000000000203e+02 1.459463000000000042e+51
4.188956000000000017e+02 1.464027000000000050e+51
4.203154999999999859e+02 1.468549999999999994e+51
4.217450999999999794e+02 1.473029999999999944e+51
4.231845000000000141e+02 1.477467000000000065e+51
4.246336999999999762e+02 1.481860000000000062e+51
4.260928000000000111e+02 1.486207999999999967e+51
4.275620999999999867e+02 1.490510999999999949e+51
4.290414999999999850e+02 1.494767000000000076e+51
4.305312000000000126e+02 1.498975999999999849e+51
4.320312000000000126e+02 1.503135999999999838e+51
4.335418000000000234e+02 1.507249000000000139e+51
4.350629000000000133e+02 1.511310999999999894e+51
4.365948000000000206e+02 1.515323000000000065e+51
4.381374999999999886e+02 1.519283000000000058e+51
4.396911000000000058e+02 1.523191999999999837e+51
4.412558000000000220e+02 1.527046999999999840e+51
4.428315999999999804e+02 1.530849000000000032e+51
4.444187999999999761e+02 1.534594999999999853e+51
4.460172999999999774e+02 1.538286999999999897e+51
4.476274999999999977e+02 1.541921999999999937e+51
4.492491999999999734e+02 1.545499999999999974e+51
4.508827999999999747e+02 1.549020000000000041e+51
4.525283000000000015e+02 1.552480999999999842e+51
4.541859000000000037e+02 1.555882000000000076e+51
4.558555999999999813e+02 1.559223000000000079e+51
4.575376999999999725e+02 1.562501999999999920e+51
4.592321999999999775e+02 1.565718999999999931e+51
4.609393000000000029e+02 1.568873000000000148e+51
4.626591999999999985e+02 1.571962999999999941e+51
4.643919000000000210e+02 1.574988000000000009e+51
4.661376999999999953e+02 1.577948000000000021e+51
4.678965999999999781e+02 1.580841000000000045e+51
4.696689000000000078e+02 1.583667000000000082e+51
4.714546000000000276e+02 1.586424999999999835e+51
4.732540000000000191e+02 1.589113000000000037e+51
4.750672000000000139e+02 1.591731999999999990e+51
4.768942999999999870e+02 1.594281000000000061e+51
4.787355000000000018e+02 1.596757000000000021e+51
4.805910000000000082e+02 1.599160999999999837e+51
4.824608999999999810e+02 1.601492999999999840e+51
4.843455000000000155e+02 1.603750000000000135e+51
4.862447999999999979e+02 1.605932000000000058e+51
4.881589999999999918e+02 1.608037999999999976e+51
4.900885000000000105e+02 1.610067999999999888e+51
4.920332000000000221e+02 1.612021000000000162e+51
4.939934000000000083e+02 1.613894999999999872e+51
4.959692999999999756e+02 1.615690999999999978e+51
4.979610999999999876e+02 1.617405999999999921e+51
4.999689000000000192e+02 1.619040999999999999e+51
5.019929999999999950e+02 1.620594999999999913e+51
5.040335000000000036e+02 1.622066000000000067e+51
5.060907000000000266e+02 1.623455000000000093e+51
5.081648000000000138e+02 1.624759000000000095e+51
5.102558999999999969e+02 1.625979000000000039e+51
5.123642999999999574e+02 1.627113999999999960e+51
5.144901999999999589e+02 1.628161999999999927e+51
5.166337999999999511e+02 1.629123999999999906e+51
5.187953999999999724e+02 1.629997000000000001e+51
5.209750999999999976e+02 1.630783000000000142e+51
5.231731999999999516e+02 1.631479000000000103e+51
5.253899000000000115e+02 1.632084999999999882e+51
5.276254999999999882e+02 1.632599999999999848e+51
5.298803000000000338e+02 1.633023999999999999e+51
5.321543000000000347e+02 1.633355000000000074e+51
5.344479999999999791e+02 1.633594000000000038e+51
5.367614999999999554e+02 1.633738999999999961e+51
5.390951999999999771e+02 1.633789999999999842e+51
5.414492000000000189e+02 1.633746000000000049e+51
5.438238999999999805e+02 1.633605999999999952e+51
5.462195000000000391e+02 1.633369999999999883e+51
5.486363000000000056e+02 1.633035999999999912e+51
5.510744999999999436e+02 1.632605000000000005e+51
5.535345999999999549e+02 1.632075999999999864e+51
5.560167000000000144e+02 1.631446999999999891e+51
5.585212000000000216e+02 1.630719000000000050e+51
5.610483000000000402e+02 1.629891000000000046e+51
5.635983999999999696e+02 1.628960999999999947e+51
5.661717999999999620e+02 1.627931000000000016e+51
5.687688000000000557e+02 1.626798000000000025e+51
5.713896999999999480e+02 1.625561999999999975e+51
5.740348999999999933e+02 1.624224000000000163e+51
5.767047000000000025e+02 1.622781000000000029e+51
5.793994999999999891e+02 1.621233999999999870e+51
5.821195000000000164e+02 1.619583000000000018e+51
5.848651999999999589e+02 1.617825999999999880e+51
5.876369999999999436e+02 1.615963000000000119e+51
5.904351000000000340e+02 1.613994000000000071e+51
5.932599999999999909e+02 1.611918000000000103e+51
5.961121000000000549e+02 1.609734999999999883e+51
5.989917000000000371e+02 1.607444000000000110e+51
6.018993000000000393e+02 1.605045000000000120e+51
6.048352999999999611e+02 1.602537999999999912e+51
6.077999999999999545e+02 1.599920999999999889e+51
6.107939000000000078e+02 1.597195999999999982e+51
6.138174999999999955e+02 1.594359999999999961e+51
6.168712000000000444e+02 1.591415000000000091e+51
6.199554000000000542e+02 1.588359000000000108e+51
6.230706000000000131e+02 1.585192000000000012e+51
6.262173000000000229e+02 1.581915000000000102e+51
6.293958999999999833e+02 1.578526000000000113e+51
6.326068999999999960e+02 1.575025000000000047e+51
6.358509000000000242e+02 1.571412999999999868e+51
6.391282999999999674e+02 1.567688999999999944e+51
6.424397000000000162e+02 1.563852999999999943e+51
6.457854999999999563e+02 1.559903999999999898e+51
6.491663999999999533e+02 1.555843000000000108e+51
6.525828999999999951e+02 1.551668999999999943e+51
6.560354999999999563e+02 1.547382000000000068e+51
6.595249000000000024e+02 1.542982000000000150e+51
6.630516000000000076e+02 1.538468999999999857e+51
6.666162000000000489e+02 1.533842999999999853e+51
6.702192999999999756e+02 1.529104000000000139e+51
6.738615999999999531e+02 1.524252000000000050e+51
6.775436999999999443e+02 1.519285999999999953e+51
6.812663000000000011e+02 1.514208000000000111e+51
6.850299999999999727e+02 1.509015999999999928e+51
6.888355000000000246e+02 1.503711000000000035e+51
6.926834999999999809e+02 1.498294000000000065e+51
6.965747999999999820e+02 1.492762999999999920e+51
7.005099999999999909e+02 1.487120000000000030e+51
7.044900000000000091e+02 1.481363999999999931e+51
7.085153999999999996e+02 1.475495999999999921e+51
7.125870999999999640e+02 1.469515999999999999e+51
7.167059000000000424e+02 1.463423999999999999e+51
7.208724999999999454e+02 1.457219999999999922e+51
7.250878999999999905e+02 1.450905000000000065e+51
7.293528999999999769e+02 1.444477999999999963e+51
7.336683000000000447e+02 1.437941000000000047e+51
7.380351000000000568e+02 1.431293999999999983e+51
7.424542000000000144e+02 1.424536999999999937e+51
7.469266000000000076e+02 1.417670000000000077e+51
7.514530999999999494e+02 1.410694000000000034e+51
7.560348999999999933e+02 1.403609999999999940e+51
7.606728000000000520e+02 1.396416999999999996e+51
7.653681000000000267e+02 1.389116999999999965e+51
7.701215999999999440e+02 1.381710000000000015e+51
7.749346000000000458e+02 1.374195999999999979e+51
7.798080999999999676e+02 1.366575999999999988e+51
7.847432000000000016e+02 1.358851999999999972e+51
7.897413000000000238e+02 1.351022000000000002e+51
7.948034000000000106e+02 1.343088999999999972e+51
7.999307999999999765e+02 1.335053000000000048e+51
8.051249000000000251e+02 1.326914000000000065e+51
8.103867999999999938e+02 1.318673999999999953e+51
8.157178999999999860e+02 1.310333000000000043e+51
8.211196999999999662e+02 1.301891999999999969e+51
8.265933999999999742e+02 1.293352000000000029e+51
8.321407000000000380e+02 1.284714000000000020e+51
8.377627999999999702e+02 1.275979000000000074e+51
8.434615000000000009e+02 1.267147999999999991e+51
8.492382999999999811e+02 1.258220999999999937e+51
8.550946999999999889e+02 1.249200999999999972e+51
8.610324000000000524e+02 1.240086999999999965e+51
8.670531999999999471e+02 1.230881000000000013e+51
8.731588000000000420e+02 1.221584000000000082e+51
8.793509999999999991e+02 1.212196999999999969e+51
8.856316000000000486e+02 1.202721999999999938e+51
8.920026000000000295e+02 1.193159999999999953e+51
8.984659000000000333e+02 1.183511999999999980e+51
9.050235999999999876e+02 1.173778999999999983e+51
9.116776999999999589e+02 1.163961999999999928e+51
9.184302999999999884e+02 1.154063000000000078e+51
9.252838000000000420e+02 1.144084000000000029e+51
9.322403000000000475e+02 1.134024999999999949e+51
9.393021999999999707e+02 1.123887999999999933e+51
9.464719000000000051e+02 1.113675000000000079e+51
9.537518999999999778e+02 1.103387000000000018e+51
9.611446999999999434e+02 1.093026000000000013e+51
9.686530999999999949e+02 1.082593000000000029e+51
9.762797000000000480e+02 1.072089999999999997e+51
9.840272999999999683e+02 1.061518000000000048e+51
9.918989000000000260e+02 1.050880000000000076e+51
9.998973999999999478e+02 1.040176000000000083e+51
1.008025999999999954e+03 1.029408999999999962e+51
1.016288000000000011e+03 1.018580999999999978e+51
1.024685999999999922e+03 1.007692999999999928e+51
1.033224999999999909e+03 9.967462000000000701e+50
1.041905999999999949e+03 9.857438999999999896e+50
1.050734999999999900e+03 9.746872000000000471e+50
1.059714999999999918e+03 9.635784999999999260e+50
1.068849999999999909e+03 9.524193999999999695e+50
1.078143000000000029e+03 9.412118000000000445e+50
1.087599999999999909e+03 9.299582000000000639e+50
1.097223999999999933e+03 9.186600999999999753e+50
1.107019999999999982e+03 9.073201999999999836e+50
1.116991999999999962e+03 8.959400000000000362e+50
1.127145999999999958e+03 8.845220999999999429e+50
1.137484999999999900e+03 8.730684000000000692e+50
1.148017000000000053e+03 8.615812999999999327e+50
1.158744999999999891e+03 8.500629999999999216e+50
1.169674999999999955e+03 8.385156999999999261e+50
1.180814000000000078e+03 8.269417000000000651e+50
1.192166999999999916e+03 8.153434000000000223e+50
1.203740000000000009e+03 8.037231000000000829e+50
1.215539999999999964e+03 7.920831999999999306e+50
1.227574000000000069e+03 7.804261000000000797e+50
1.239848999999999933e+03 7.687542999999999444e+50
1.252371000000000095e+03 7.570702000000000391e+50
1.265148999999999887e+03 7.453763000000000273e+50
1.278191000000000031e+03 7.336751999999999678e+50
1.291503999999999905e+03 7.219694000000000226e+50
1.305096999999999980e+03 7.102615000000000011e+50
1.318980000000000018e+03 6.985539000000000024e+50
1.333161000000000058e+03 6.868495000000000249e+50
1.347650000000000091e+03 6.751507999999999813e+50
1.362458000000000084e+03 6.634604000000000135e+50
1.377594000000000051e+03 6.517812000000000369e+50
1.393070999999999913e+03 6.401158000000000271e+50
1.408900000000000091e+03 6.284669000000000228e+50
1.425092000000000098e+03 6.168372999999999595e+50
1.441661000000000058e+03 6.052298000000000219e+50
1.458619999999999891e+03 5.936471999999999793e+50
1.475981999999999971e+03 5.820922000000000365e+50
1.493762999999999920e+03 5.705678000000000058e+50
1.511978000000000065e+03 5.590767000000000089e+50
1.530642000000000053e+03 5.476220000000000040e+50
1.549771999999999935e+03 5.362062999999999668e+50
1.569386999999999944e+03 5.248327000000000217e+50
1.589505000000000109e+03 5.135041000000000009e+50
1.610144999999999982e+03 5.022233000000000062e+50
1.631328999999999951e+03 4.909933999999999958e+50
1.653076999999999998e+03 4.798171999999999882e+50
1.675412000000000035e+03 4.686979000000000046e+50
1.698359999999999900e+03 4.576382000000000006e+50
1.721944999999999936e+03 4.466412999999999975e+50
1.746194999999999936e+03 4.357100999999999936e+50
1.771136999999999944e+03 4.248475999999999674e+50
1.796801999999999907e+03 4.140568999999999601e+50
1.823221000000000004e+03 4.033407999999999903e+50
1.850429000000000087e+03 3.927025999999999760e+50
1.878461999999999989e+03 3.821451000000000188e+50
1.907356999999999971e+03 3.716715000000000154e+50
1.937154999999999973e+03 3.612847000000000057e+50
1.967897999999999911e+03 3.509877999999999895e+50
1.999634000000000015e+03 3.407837000000000069e+50
2.032409000000000106e+03 3.306755999999999958e+50
2.066277000000000044e+03 3.206663000000000165e+50
2.101293000000000120e+03 3.107590999999999869e+50
2.137516000000000076e+03 3.009568000000000087e+50
2.175009000000000015e+03 2.912624999999999986e+50
2.213842000000000098e+03 2.816792000000000180e+50
2.254085999999999785e+03 2.722097999999999823e+50
2.295820999999999913e+03 2.628572999999999944e+50
2.339130000000000109e+03 2.536248000000000126e+50
2.384105000000000018e+03 2.445151000000000138e+50
2.430842999999999847e+03 2.355312000000000181e+50
2.479449999999999818e+03 2.266759999999999822e+50
2.530039999999999964e+03 2.179523999999999878e+50
2.582739000000000033e+03 2.093632999999999917e+50
2.637679000000000087e+03 2.009115999999999923e+50
2.695007000000000062e+03 1.926001000000000083e+50
2.754882999999999811e+03 1.844316999999999965e+50
2.817480000000000018e+03 1.764091999999999963e+50
2.882987000000000080e+03 1.685353000000000048e+50
2.951612999999999829e+03 1.608127999999999991e+50
3.023585999999999785e+03 1.532443999999999969e+50
3.099157000000000153e+03 1.458327999999999955e+50
3.178601999999999862e+03 1.385806999999999919e+50
3.262228000000000065e+03 1.314907000000000034e+50
3.350371999999999844e+03 1.245653000000000051e+50
3.443411999999999807e+03 1.178071999999999940e+50
3.541766999999999825e+03 1.112187000000000061e+50
3.645907000000000153e+03 1.048024999999999971e+50
3.756355000000000018e+03 9.856081000000000034e+49
3.873704000000000178e+03 9.249608000000000081e+49
3.998621999999999844e+03 8.661057999999999905e+49
4.131864999999999782e+03 8.090655000000000161e+49
4.274293999999999869e+03 7.538615999999999794e+49
4.426893000000000029e+03 7.005150000000000397e+49
4.590792000000000371e+03 6.490458999999999778e+49
4.767292999999999665e+03 5.994737000000000469e+49
4.957908000000000357e+03 5.518166999999999945e+49
5.164400999999999840e+03 5.060924000000000404e+49
5.388842999999999847e+03 4.623171000000000225e+49
5.633679000000000087e+03 4.205059000000000203e+49
5.901822000000000116e+03 3.806726999999999908e+49
6.196765999999999622e+03 3.428298999999999851e+49
6.522739999999999782e+03 3.069883999999999922e+49
6.884912999999999556e+03 2.731573999999999798e+49
7.289670000000000073e+03 2.413441999999999859e+49
7.744988999999999578e+03 2.115541000000000091e+49
8.260977999999999156e+03 1.837900999999999916e+49
8.850627000000000407e+03 1.580526000000000086e+49
9.530921000000000276e+03 1.343393000000000034e+49
