1.203740199999999959e+03 4.248735488626919489e+50
1.215540400000000091e+03 4.205698891704799934e+50
1.227574299999999994e+03 4.162021590039523483e+50
1.239848799999999983e+03 4.117714349267334187e+50
1.252371300000000019e+03 4.072787931682020980e+50
1.265149300000000039e+03 4.027253919517757336e+50
1.278190700000000106e+03 3.981124557562989444e+50
1.291503799999999956e+03 3.934411581818758188e+50
1.305097099999999955e+03 3.887128325910917426e+50
1.318979700000000093e+03 3.839286866855104297e+50
1.333160699999999906e+03 3.790902420537288384e+50
1.347650000000000091e+03 3.741987895790047971e+50
1.362457799999999907e+03 3.692557851075214193e+50
1.377594499999999925e+03 3.642628552949692767e+50
1.393071300000000065e+03 3.592214554830507445e+50
1.408899899999999889e+03 3.541331509707281373e+50
1.425092300000000023e+03 3.489996347446334885e+50
1.441661200000000008e+03 3.438225988857539268e+50
1.458619899999999916e+03 3.386037466637999836e+50
1.475982400000000098e+03 3.333448230835657297e+50
1.493763200000000097e+03 3.280476944796620552e+50
1.511977599999999939e+03 3.227142281882587317e+50
1.530641599999999926e+03 3.173463585357805269e+50
1.549772300000000087e+03 3.119459296649396256e+50
1.569387199999999893e+03 3.065150452847560404e+50
1.589504899999999907e+03 3.010557351290174372e+50
1.610145199999999932e+03 2.955700372293852265e+50
1.631328500000000076e+03 2.900601288706142878e+50
1.653076700000000073e+03 2.845281562730289720e+50
1.675412499999999909e+03 2.789763675065357769e+50
1.698360200000000077e+03 2.734070049370329356e+50
1.721945300000000088e+03 2.678223355210010637e+50
1.746194600000000037e+03 2.622247687169349126e+50
1.771136700000000019e+03 2.566166213987398306e+50
1.796801600000000008e+03 2.510003656175499078e+50
1.823221299999999928e+03 2.453784186190616904e+50
1.850429499999999962e+03 2.397533233192622282e+50
1.878462099999999964e+03 2.341275860454262320e+50
1.907356999999999971e+03 2.285038160090018777e+50
1.937154800000000023e+03 2.228845844114006557e+50
1.967898400000000038e+03 2.172725692015493744e+50
1.999633599999999888e+03 2.116704212408244606e+50
2.032409100000000080e+03 2.060808721720674683e+50
2.066277000000000044e+03 2.005066568074103913e+50
2.101292699999999968e+03 1.949505755517102587e+50
2.137515600000000177e+03 1.894154165253773943e+50
2.175009300000000167e+03 1.839039999536202121e+50
2.213841800000000148e+03 1.784192122731618135e+50
2.254086200000000190e+03 1.729639129292768354e+50
2.295820799999999963e+03 1.675410315098106942e+50
2.339130000000000109e+03 1.621534930539101238e+50
2.384104600000000119e+03 1.568042495070399574e+50
2.430842599999999948e+03 1.514962627843891789e+50
2.479449700000000121e+03 1.462325374268898322e+50
2.530040399999999863e+03 1.410160626156592977e+50
2.582738600000000133e+03 1.358498556943748652e+50
2.637678800000000138e+03 1.307369401756948484e+50
2.695007200000000012e+03 1.256803559641936073e+50
2.754882900000000063e+03 1.206831392806358493e+50
2.817479699999999866e+03 1.157483280520422385e+50
2.882987200000000030e+03 1.108789771220770659e+50
2.951613400000000183e+03 1.060781178749041297e+50
3.023586400000000140e+03 1.013487932965549413e+50
3.099157200000000103e+03 9.669402496281923262e+49
3.178602400000000216e+03 9.211683967894133173e+49
3.262227800000000116e+03 8.762023467674485863e+49
3.350372299999999996e+03 8.320720076528301210e+49
3.443412400000000162e+03 7.888069507520967583e+49
3.541767499999999927e+03 7.464366557557704004e+49
3.645906500000000051e+03 7.049901715322774635e+49
3.756355000000000018e+03 6.644962785620377772e+49
3.873704499999999825e+03 6.249833250615029894e+49
3.998622400000000198e+03 5.864793220701637211e+49
4.131865399999999681e+03 5.490117302463870795e+49
4.274294399999999769e+03 5.126075195494814893e+49
4.426893299999999726e+03 4.772930628437041496e+49
4.590791599999999562e+03 4.430940895313119875e+49
4.767292599999999766e+03 4.100356346024509920e+49
4.957908000000000357e+03 3.781419687683490694e+49
5.164401499999999942e+03 3.474364647643620853e+49
5.388843100000000049e+03 3.179416543757507995e+49
5.633679199999999582e+03 2.896789841413875496e+49
5.901822000000000116e+03 2.626687713614178244e+49
6.196765599999999722e+03 2.369301169126574752e+49
6.522739599999999882e+03 2.124806669186209858e+49
6.884912800000000061e+03 1.893364729298760669e+49
7.289669600000000173e+03 1.675116688157650484e+49
7.744989400000000387e+03 1.470181577346133719e+49
8.260977999999999156e+03 1.278651049820156631e+49
8.850626700000000710e+03 1.100583006108683931e+49
9.530920799999999872e+03 9.359946441875885365e+48
1.032450300000000061e+04 7.848542975721792540e+48
