1.203740199999999959e+03 4.064281224213993172e+51
1.215540400000000091e+03 4.009441292081226118e+51
1.227574299999999994e+03 3.954342107111452441e+51
1.239848799999999983e+03 3.898998720227691888e+51
1.252371300000000019e+03 3.843424703415222873e+51
1.265149300000000039e+03 3.787634636257959293e+51
1.278190700000000106e+03 3.731643625521559531e+51
1.291503799999999956e+03 3.675466117439603017e+51
1.305097099999999955e+03 3.619117375570456531e+51
1.318979700000000093e+03 3.562612026968938810e+51
1.333160699999999906e+03 3.505966765748880577e+51
1.347650000000000091e+03 3.449196610872044995e+51
1.362457799999999907e+03 3.392316946921160230e+51
1.377594499999999925e+03 3.335345354668712486e+51
1.393071300000000065e+03 3.278297106493980377e+51
1.408899899999999889e+03 3.221188634536762751e+51
1.425092300000000023e+03 3.164036818898774390e+51
1.441661200000000008e+03 3.106858629896287270e+51
1.458619899999999916e+03 3.049670863962898882e+51
1.475982400000000098e+03 2.992490469762043598e+51
1.493763200000000097e+03 2.935334956849505645e+51
1.511977599999999939e+03 2.878221991894958673e+51
1.530641599999999926e+03 2.821169296812806282e+51
1.549772300000000087e+03 2.764193513986669604e+51
1.569387199999999893e+03 2.707313594993535731e+51
1.589504899999999907e+03 2.650547370429698863e+51
1.610145199999999932e+03 2.593912283762535780e+51
1.631328500000000076e+03 2.537427327360565076e+51
1.653076700000000073e+03 2.481110085679338760e+51
1.675412499999999909e+03 2.424979755047402626e+51
1.698360200000000077e+03 2.369054264790949660e+51
1.721945300000000088e+03 2.313352008316799607e+51
1.746194600000000037e+03 2.257892253936846109e+51
1.771136700000000019e+03 2.202693166950958125e+51
1.796801600000000008e+03 2.147773780410317660e+51
1.823221299999999928e+03 2.093152753148291529e+51
1.850429499999999962e+03 2.038848970681227946e+51
1.878462099999999964e+03 1.984881336696525272e+51
1.907356999999999971e+03 1.931268939947285427e+51
1.937154800000000023e+03 1.878030380673474021e+51
1.967898400000000038e+03 1.825184666452223321e+51
1.999633599999999888e+03 1.772750651225834718e+51
2.032409100000000080e+03 1.720747458103093500e+51
2.066277000000000044e+03 1.669193739675870089e+51
2.101292699999999968e+03 1.618108548433714179e+51
2.137515600000000177e+03 1.567510664630673602e+51
2.175009300000000167e+03 1.517418715196799967e+51
2.213841800000000148e+03 1.467851548487794286e+51
2.254086200000000190e+03 1.418827636972794660e+51
2.295820799999999963e+03 1.370365688986909813e+51
2.339130000000000109e+03 1.322484136822075314e+51
2.384104600000000119e+03 1.275201371477336846e+51
2.430842599999999948e+03 1.228535562747522795e+51
2.479449700000000121e+03 1.182504942800875632e+51
2.530040399999999863e+03 1.137127401507156701e+51
2.582738600000000133e+03 1.092420888944223210e+51
2.637678800000000138e+03 1.048403051416857035e+51
2.695007200000000012e+03 1.005091429483394793e+51
2.754882900000000063e+03 9.625034441290924120e+50
2.817479699999999866e+03 9.206560974074703055e+50
2.882987200000000030e+03 8.795665093227242291e+50
2.951613400000000183e+03 8.392512421032733418e+50
3.023586400000000140e+03 7.997268358487787531e+50
3.099157200000000103e+03 7.610095075374373192e+50
3.178602400000000216e+03 7.231151978112674432e+50
3.262227800000000116e+03 6.860596307752856423e+50
3.350372299999999996e+03 6.498581433114363102e+50
3.443412400000000162e+03 6.145257320130354253e+50
3.541767499999999927e+03 5.800771733225578017e+50
3.645906500000000051e+03 5.465267443910299003e+50
3.756355000000000018e+03 5.138884498731395018e+50
3.873704499999999825e+03 4.821757922727803259e+50
3.998622400000000198e+03 4.514019132668727825e+50
4.131865399999999681e+03 4.215794861901949368e+50
4.274294399999999769e+03 3.927206811311217621e+50
4.426893299999999726e+03 3.648371768994062458e+50
4.590791599999999562e+03 3.379400805564063470e+50
4.767292599999999766e+03 3.120399837389872426e+50
4.957908000000000357e+03 2.871468046445502808e+50
5.164401499999999942e+03 2.632698252627977441e+50
5.388843100000000049e+03 2.404176816759251623e+50
5.633679199999999582e+03 2.185982275727005618e+50
5.901822000000000116e+03 1.978185336648644637e+50
6.196765599999999722e+03 1.780848479033886614e+50
6.522739599999999882e+03 1.594025013724968162e+50
6.884912800000000061e+03 1.417758297423420691e+50
7.289669600000000173e+03 1.252081029165759590e+50
7.744989400000000387e+03 1.097013943120209813e+50
8.260977999999999156e+03 9.525643993101074668e+49
8.850626700000000710e+03 8.187240083753305568e+49
9.530920799999999872e+03 6.954653779078992663e+49
1.032450300000000061e+04 5.827374937931547885e+49
