3.002282999999999902e+02 1.416471000000000023e+50
3.009569999999999936e+02 1.440401999999999950e+50
3.016892000000000280e+02 1.464706000000000064e+50
3.024250000000000114e+02 1.489388999999999990e+50
3.031644000000000005e+02 1.514455999999999968e+50
3.039073999999999955e+02 1.539912000000000033e+50
3.046541000000000281e+02 1.565761000000000002e+50
3.054044999999999845e+02 1.592010999999999929e+50
3.061585999999999785e+02 1.618665000000000040e+50
3.069164000000000101e+02 1.645729999999999969e+50
3.076779000000000224e+02 1.673210999999999954e+50
3.084433000000000220e+02 1.701113000000000029e+50
3.092124000000000024e+02 1.729442000000000027e+50
3.099855000000000018e+02 1.758203999999999987e+50
3.107622999999999820e+02 1.787403999999999941e+50
3.115430999999999813e+02 1.817048999999999938e+50
3.123278999999999996e+02 1.847143000000000002e+50
3.131164999999999736e+02 1.877693000000000181e+50
3.139091999999999985e+02 1.908705000000000099e+50
3.147058999999999855e+02 1.940184999999999796e+50
3.155067000000000235e+02 1.972137999999999927e+50
3.163115000000000236e+02 2.004570999999999916e+50
3.171204999999999927e+02 2.037489999999999804e+50
3.179336000000000126e+02 2.070901999999999843e+50
3.187509000000000015e+02 2.104811999999999860e+50
3.195724000000000160e+02 2.139225999999999894e+50
3.203980999999999995e+02 2.174151999999999998e+50
3.212282000000000153e+02 2.209594999999999998e+50
3.220625000000000000e+02 2.245562000000000147e+50
3.229012000000000171e+02 2.282059000000000071e+50
3.237441999999999780e+02 2.319093999999999822e+50
3.245917000000000030e+02 2.356670999999999842e+50
3.254436000000000035e+02 2.394800000000000197e+50
3.263000000000000114e+02 2.433485000000000083e+50
3.271610000000000014e+02 2.472733999999999969e+50
3.280264999999999986e+02 2.512552999999999894e+50
3.288965000000000032e+02 2.552949999999999911e+50
3.297712000000000216e+02 2.593931000000000060e+50
3.306505999999999972e+02 2.635503000000000180e+50
3.315346999999999866e+02 2.677673999999999909e+50
3.324234999999999900e+02 2.720448999999999902e+50
3.333170999999999822e+02 2.763837000000000011e+50
3.342155000000000200e+02 2.807845000000000076e+50
3.351186999999999898e+02 2.852479000000000136e+50
3.360269000000000119e+02 2.897748000000000042e+50
3.369399999999999977e+02 2.943657000000000037e+50
3.378580000000000041e+02 2.990214999999999971e+50
3.387810999999999808e+02 3.037427999999999884e+50
3.397092999999999847e+02 3.085305000000000045e+50
3.406424999999999841e+02 3.133852999999999875e+50
3.415808999999999855e+02 3.183077999999999831e+50
3.425244999999999891e+02 3.232989000000000180e+50
3.434732999999999947e+02 3.283594000000000143e+50
3.444273000000000025e+02 3.334899000000000177e+50
3.453867000000000189e+02 3.386911999999999918e+50
3.463514000000000124e+02 3.439640999999999835e+50
3.473215999999999894e+02 3.493093999999999982e+50
3.482971999999999753e+02 3.547278999999999995e+50
3.492783000000000015e+02 3.602201999999999915e+50
3.502649000000000115e+02 3.657872000000000008e+50
3.512570999999999799e+02 3.714296000000000114e+50
3.522549999999999955e+02 3.771482999999999669e+50
3.532585000000000264e+02 3.829441000000000388e+50
3.542678000000000225e+02 3.888176000000000234e+50
3.552828999999999837e+02 3.947696999999999888e+50
3.563038000000000238e+02 4.008012000000000236e+50
3.573306000000000040e+02 4.069127999999999869e+50
3.583632999999999811e+02 4.131054000000000301e+50
3.594019999999999868e+02 4.193797999999999924e+50
3.604467000000000212e+02 4.257366999999999822e+50
3.614975999999999772e+02 4.321769000000000049e+50
3.625545999999999935e+02 4.387012999999999625e+50
3.636177000000000135e+02 4.453105999999999636e+50
3.646872000000000185e+02 4.520056000000000134e+50
3.657629000000000019e+02 4.587871000000000342e+50
3.668450000000000273e+02 4.656559000000000313e+50
3.679334999999999809e+02 4.726128000000000100e+50
3.690285000000000082e+02 4.796585999999999755e+50
3.701301000000000272e+02 4.867941000000000163e+50
3.712382000000000062e+02 4.940199999999999916e+50
3.723530000000000086e+02 5.013371999999999697e+50
3.734744999999999777e+02 5.087463999999999760e+50
3.746028000000000020e+02 5.162484999999999957e+50
3.757379999999999995e+02 5.238440999999999912e+50
3.768799999999999955e+02 5.315342000000000107e+50
3.780289999999999964e+02 5.393193000000000368e+50
3.791850000000000023e+02 5.472004000000000344e+50
3.803480999999999881e+02 5.551782000000000291e+50
3.815183000000000106e+02 5.632535000000000262e+50
3.826958000000000197e+02 5.714269999999999679e+50
3.838806000000000154e+02 5.796993999999999628e+50
3.850727999999999724e+02 5.880715000000000161e+50
3.862722999999999729e+02 5.965440999999999671e+50
3.874793999999999983e+02 6.051179000000000072e+50
3.886940000000000168e+02 6.137935999999999957e+50
3.899162999999999784e+02 6.225719000000000411e+50
3.911462999999999965e+02 6.314535999999999826e+50
3.923840000000000146e+02 6.404393000000000318e+50
3.936297000000000139e+02 6.495298000000000279e+50
3.948831999999999880e+02 6.587257999999999963e+50
3.961447999999999752e+02 6.680278999999999825e+50
3.974144000000000005e+02 6.774368000000000119e+50
3.986922999999999888e+02 6.869530999999999638e+50
3.999782999999999902e+02 6.965776000000000098e+50
4.012726999999999862e+02 7.063109000000000291e+50
4.025754999999999768e+02 7.161535000000000044e+50
4.038867999999999938e+02 7.261062000000000240e+50
4.052065999999999804e+02 7.361694000000000075e+50
4.065350999999999999e+02 7.463438999999999601e+50
4.078724000000000274e+02 7.566301999999999476e+50
4.092183999999999742e+02 7.670288000000000355e+50
4.105733999999999924e+02 7.775402999999999370e+50
4.119374000000000251e+02 7.881651999999999670e+50
4.133104999999999905e+02 7.989041000000000048e+50
4.146927000000000021e+02 8.097575000000000331e+50
4.160842999999999847e+02 8.207257999999999713e+50
4.174852000000000203e+02 8.318094999999999682e+50
4.188956000000000017e+02 8.430091000000000062e+50
4.203154999999999859e+02 8.543250000000000051e+50
4.217450999999999794e+02 8.657576000000000505e+50
4.231845000000000141e+02 8.773073000000000619e+50
4.246336999999999762e+02 8.889744999999999591e+50
4.260928000000000111e+02 9.007594999999999307e+50
4.275620999999999867e+02 9.126627000000000627e+50
4.290414999999999850e+02 9.246842999999999825e+50
4.305312000000000126e+02 9.368246999999999419e+50
4.320312000000000126e+02 9.490841000000000669e+50
4.335418000000000234e+02 9.614626999999999850e+50
4.350629000000000133e+02 9.739606999999999883e+50
4.365948000000000206e+02 9.865783999999999334e+50
4.381374999999999886e+02 9.993159000000000493e+50
4.396911000000000058e+02 1.012173000000000044e+51
4.412558000000000220e+02 1.025151000000000072e+51
4.428315999999999804e+02 1.038247999999999933e+51
4.444187999999999761e+02 1.051466000000000055e+51
4.460172999999999774e+02 1.064803000000000011e+51
4.476274999999999977e+02 1.078261000000000063e+51
4.492491999999999734e+02 1.091839000000000080e+51
4.508827999999999747e+02 1.105537000000000061e+51
4.525283000000000015e+02 1.119354000000000041e+51
4.541859000000000037e+02 1.133290999999999986e+51
4.558555999999999813e+02 1.147348000000000062e+51
4.575376999999999725e+02 1.161523999999999970e+51
4.592321999999999775e+02 1.175819000000000045e+51
4.609393000000000029e+02 1.190231999999999988e+51
4.626591999999999985e+02 1.204763999999999930e+51
4.643919000000000210e+02 1.219414000000000072e+51
4.661376999999999953e+02 1.234180999999999952e+51
4.678965999999999781e+02 1.249065000000000067e+51
4.696689000000000078e+02 1.264065999999999919e+51
4.714546000000000276e+02 1.279182000000000076e+51
4.732540000000000191e+02 1.294414000000000005e+51
4.750672000000000139e+02 1.309761000000000074e+51
4.768942999999999870e+02 1.325221000000000018e+51
4.787355000000000018e+02 1.340794999999999971e+51
4.805910000000000082e+02 1.356481000000000001e+51
4.824608999999999810e+02 1.372277999999999978e+51
4.843455000000000155e+02 1.388186000000000068e+51
4.862447999999999979e+02 1.404203999999999972e+51
4.881589999999999918e+02 1.420331000000000059e+51
4.900885000000000105e+02 1.436565000000000066e+51
4.920332000000000221e+02 1.452905999999999993e+51
4.939934000000000083e+02 1.469352000000000075e+51
4.959692999999999756e+02 1.485902000000000016e+51
4.979610999999999876e+02 1.502554999999999851e+51
4.999689000000000192e+02 1.519310000000000112e+51
5.019929999999999950e+02 1.536163999999999908e+51
5.040335000000000036e+02 1.553116999999999903e+51
5.060907000000000266e+02 1.570168000000000132e+51
5.081648000000000138e+02 1.587313000000000071e+51
5.102558999999999969e+02 1.604553000000000016e+51
5.123642999999999574e+02 1.621885000000000072e+51
5.144901999999999589e+02 1.639306999999999977e+51
5.166337999999999511e+02 1.656817000000000133e+51
5.187953999999999724e+02 1.674413999999999910e+51
5.209750999999999976e+02 1.692096000000000043e+51
5.231731999999999516e+02 1.709859999999999971e+51
5.253899000000000115e+02 1.727704000000000097e+51
5.276254999999999882e+02 1.745626000000000159e+51
5.298803000000000338e+02 1.763624999999999859e+51
5.321543000000000347e+02 1.781697000000000001e+51
5.344479999999999791e+02 1.799839999999999991e+51
5.367614999999999554e+02 1.818050999999999933e+51
5.390951999999999771e+02 1.836328999999999861e+51
5.414492000000000189e+02 1.854668999999999952e+51
5.438238999999999805e+02 1.873070999999999872e+51
5.462195000000000391e+02 1.891530000000000128e+51
5.486363000000000056e+02 1.910044000000000126e+51
5.510744999999999436e+02 1.928609999999999970e+51
5.535345999999999549e+02 1.947224000000000132e+51
5.560167000000000144e+02 1.965884999999999982e+51
5.585212000000000216e+02 1.984587000000000062e+51
5.610483000000000402e+02 2.003329000000000076e+51
5.635983999999999696e+02 2.022107000000000161e+51
5.661717999999999620e+02 2.040917000000000127e+51
5.687688000000000557e+02 2.059756000000000077e+51
5.713896999999999480e+02 2.078618999999999854e+51
5.740348999999999933e+02 2.097503999999999859e+51
5.767047000000000025e+02 2.116405999999999936e+51
5.793994999999999891e+02 2.135321999999999857e+51
5.821195000000000164e+02 2.154247000000000127e+51
5.848651999999999589e+02 2.173177999999999856e+51
5.876369999999999436e+02 2.192109999999999883e+51
5.904351000000000340e+02 2.211038000000000049e+51
5.932599999999999909e+02 2.229960000000000092e+51
5.961121000000000549e+02 2.248868999999999924e+51
5.989917000000000371e+02 2.267761999999999983e+51
6.018993000000000393e+02 2.286633000000000145e+51
6.048352999999999611e+02 2.305478999999999851e+51
6.077999999999999545e+02 2.324293999999999974e+51
6.107939000000000078e+02 2.343073000000000025e+51
6.138174999999999955e+02 2.361810999999999846e+51
6.168712000000000444e+02 2.380503999999999908e+51
6.199554000000000542e+02 2.399146000000000089e+51
6.230706000000000131e+02 2.417730999999999934e+51
6.262173000000000229e+02 2.436253999999999950e+51
6.293958999999999833e+02 2.454709999999999979e+51
6.326068999999999960e+02 2.473092999999999897e+51
6.358509000000000242e+02 2.491397999999999881e+51
6.391282999999999674e+02 2.509619000000000138e+51
6.424397000000000162e+02 2.527748999999999917e+51
6.457854999999999563e+02 2.545783000000000056e+51
6.491663999999999533e+02 2.563715000000000101e+51
6.525828999999999951e+02 2.581538999999999929e+51
6.560354999999999563e+02 2.599249000000000081e+51
6.595249000000000024e+02 2.616836999999999840e+51
6.630516000000000076e+02 2.634298000000000045e+51
6.666162000000000489e+02 2.651625999999999909e+51
6.702192999999999756e+02 2.668813000000000042e+51
6.738615999999999531e+02 2.685853999999999956e+51
6.775436999999999443e+02 2.702740999999999929e+51
6.812663000000000011e+02 2.719466999999999874e+51
6.850299999999999727e+02 2.736026999999999964e+51
6.888355000000000246e+02 2.752410999999999885e+51
6.926834999999999809e+02 2.768615000000000108e+51
6.965747999999999820e+02 2.784629999999999951e+51
7.005099999999999909e+02 2.800449999999999956e+51
7.044900000000000091e+02 2.816066000000000104e+51
7.085153999999999996e+02 2.831471999999999940e+51
7.125870999999999640e+02 2.846661000000000041e+51
7.167059000000000424e+02 2.861624000000000057e+51
7.208724999999999454e+02 2.876354999999999864e+51
7.250878999999999905e+02 2.890846000000000074e+51
7.293528999999999769e+02 2.905088999999999970e+51
7.336683000000000447e+02 2.919076000000000164e+51
7.380351000000000568e+02 2.932798999999999936e+51
7.424542000000000144e+02 2.946252000000000163e+51
7.469266000000000076e+02 2.959424999999999863e+51
7.514530999999999494e+02 2.972311999999999910e+51
7.560348999999999933e+02 2.984903999999999955e+51
7.606728000000000520e+02 2.997193000000000276e+51
7.653681000000000267e+02 3.009171000000000156e+51
7.701215999999999440e+02 3.020829999999999874e+51
7.749346000000000458e+02 3.032161999999999710e+51
7.798080999999999676e+02 3.043159999999999907e+51
7.847432000000000016e+02 3.053814000000000151e+51
7.897413000000000238e+02 3.064117000000000021e+51
7.948034000000000106e+02 3.074060999999999796e+51
7.999307999999999765e+02 3.083636999999999790e+51
8.051249000000000251e+02 3.092838000000000249e+51
8.103867999999999938e+02 3.101655000000000156e+51
8.157178999999999860e+02 3.110079999999999791e+51
8.211196999999999662e+02 3.118105000000000099e+51
8.265933999999999742e+02 3.125722000000000029e+51
8.321407000000000380e+02 3.132922999999999860e+51
8.377627999999999702e+02 3.139699999999999871e+51
8.434615000000000009e+02 3.146044999999999678e+51
8.492382999999999811e+02 3.151950000000000225e+51
8.550946999999999889e+02 3.157406999999999796e+51
8.610324000000000524e+02 3.162408000000000000e+51
8.670531999999999471e+02 3.166945999999999753e+51
8.731588000000000420e+02 3.171012000000000033e+51
8.793509999999999991e+02 3.174598999999999755e+51
8.856316000000000486e+02 3.177699999999999829e+51
8.920026000000000295e+02 3.180305999999999903e+51
8.984659000000000333e+02 3.182411000000000188e+51
9.050235999999999876e+02 3.184008000000000263e+51
9.116776999999999589e+02 3.185087999999999777e+51
9.184302999999999884e+02 3.185645000000000270e+51
9.252838000000000420e+02 3.185672999999999958e+51
9.322403000000000475e+02 3.185162999999999818e+51
9.393021999999999707e+02 3.184110000000000025e+51
9.464719000000000051e+02 3.182507000000000159e+51
9.537518999999999778e+02 3.180346999999999801e+51
9.611446999999999434e+02 3.177623999999999823e+51
9.686530999999999949e+02 3.174331999999999772e+51
9.762797000000000480e+02 3.170465999999999820e+51
9.840272999999999683e+02 3.166018000000000249e+51
9.918989000000000260e+02 3.160984999999999832e+51
9.998973999999999478e+02 3.155360000000000145e+51
1.008025999999999954e+03 3.149138999999999996e+51
1.016288000000000011e+03 3.142316000000000261e+51
1.024685999999999922e+03 3.134885999999999785e+51
1.033224999999999909e+03 3.126845000000000036e+51
1.041905999999999949e+03 3.118189999999999790e+51
1.050734999999999900e+03 3.108915999999999886e+51
1.059714999999999918e+03 3.099018999999999800e+51
1.068849999999999909e+03 3.088494999999999670e+51
1.078143000000000029e+03 3.077342000000000231e+51
1.087599999999999909e+03 3.065558000000000225e+51
1.097223999999999933e+03 3.053137999999999825e+51
1.107019999999999982e+03 3.040080999999999730e+51
1.116991999999999962e+03 3.026384000000000047e+51
1.127145999999999958e+03 3.012047000000000109e+51
1.137484999999999900e+03 2.997067999999999988e+51
1.148017000000000053e+03 2.981445000000000084e+51
1.158744999999999891e+03 2.965179000000000031e+51
1.169674999999999955e+03 2.948268999999999864e+51
1.180814000000000078e+03 2.930713999999999950e+51
1.192166999999999916e+03 2.912515999999999887e+51
1.203740000000000009e+03 2.893675000000000007e+51
1.215539999999999964e+03 2.874192999999999907e+51
1.227574000000000069e+03 2.854070999999999887e+51
1.239848999999999933e+03 2.833310999999999874e+51
1.252371000000000095e+03 2.811916000000000098e+51
1.265148999999999887e+03 2.789889000000000121e+51
1.278191000000000031e+03 2.767231999999999873e+51
1.291503999999999905e+03 2.743951000000000142e+51
1.305096999999999980e+03 2.720047999999999861e+51
1.318980000000000018e+03 2.695529000000000150e+51
1.333161000000000058e+03 2.670398999999999837e+51
1.347650000000000091e+03 2.644663000000000076e+51
1.362458000000000084e+03 2.618327999999999960e+51
1.377594000000000051e+03 2.591400999999999908e+51
1.393070999999999913e+03 2.563888000000000043e+51
1.408900000000000091e+03 2.535797000000000086e+51
1.425092000000000098e+03 2.507137000000000055e+51
1.441661000000000058e+03 2.477915000000000037e+51
1.458619999999999891e+03 2.448141999999999981e+51
1.475981999999999971e+03 2.417825999999999941e+51
1.493762999999999920e+03 2.386979000000000161e+51
1.511978000000000065e+03 2.355610999999999961e+51
1.530642000000000053e+03 2.323732999999999953e+51
1.549771999999999935e+03 2.291357000000000051e+51
1.569386999999999944e+03 2.258496000000000132e+51
1.589505000000000109e+03 2.225164000000000042e+51
1.610144999999999982e+03 2.191372000000000059e+51
1.631328999999999951e+03 2.157135999999999959e+51
1.653076999999999998e+03 2.122469999999999916e+51
1.675412000000000035e+03 2.087390000000000038e+51
1.698359999999999900e+03 2.051911000000000132e+51
1.721944999999999936e+03 2.016049999999999937e+51
1.746194999999999936e+03 1.979823999999999857e+51
1.771136999999999944e+03 1.943249999999999963e+51
1.796801999999999907e+03 1.906346999999999924e+51
1.823221000000000004e+03 1.869133000000000108e+51
1.850429000000000087e+03 1.831628000000000150e+51
1.878461999999999989e+03 1.793851000000000051e+51
1.907356999999999971e+03 1.755823000000000074e+51
1.937154999999999973e+03 1.717563999999999854e+51
1.967897999999999911e+03 1.679096999999999917e+51
1.999634000000000015e+03 1.640442999999999863e+51
2.032409000000000106e+03 1.601624999999999884e+51
2.066277000000000044e+03 1.562664999999999878e+51
2.101293000000000120e+03 1.523588999999999935e+51
2.137516000000000076e+03 1.484418999999999949e+51
2.175009000000000015e+03 1.445181000000000012e+51
2.213842000000000098e+03 1.405898999999999949e+51
2.254085999999999785e+03 1.366599000000000016e+51
2.295820999999999913e+03 1.327306999999999970e+51
2.339130000000000109e+03 1.288050000000000031e+51
2.384105000000000018e+03 1.248854999999999921e+51
2.430842999999999847e+03 1.209749000000000028e+51
2.479449999999999818e+03 1.170760000000000038e+51
2.530039999999999964e+03 1.131915999999999970e+51
2.582739000000000033e+03 1.093245000000000010e+51
2.637679000000000087e+03 1.054776999999999942e+51
2.695007000000000062e+03 1.016541000000000082e+51
2.754882999999999811e+03 9.785665000000000657e+50
2.817480000000000018e+03 9.408827000000000026e+50
2.882987000000000080e+03 9.035202999999999511e+50
2.951612999999999829e+03 8.665091999999999640e+50
3.023585999999999785e+03 8.298800999999999333e+50
3.099157000000000153e+03 7.936636000000000202e+50
3.178601999999999862e+03 7.578903999999999504e+50
3.262228000000000065e+03 7.225916000000000339e+50
3.350371999999999844e+03 6.877978000000000167e+50
3.443411999999999807e+03 6.535403000000000023e+50
3.541766999999999825e+03 6.198497999999999657e+50
3.645907000000000153e+03 5.867575000000000306e+50
3.756355000000000018e+03 5.542940000000000260e+50
3.873704000000000178e+03 5.224899000000000300e+50
3.998621999999999844e+03 4.913759000000000178e+50
4.131864999999999782e+03 4.609821000000000017e+50
4.274293999999999869e+03 4.313385000000000145e+50
4.426893000000000029e+03 4.024746000000000233e+50
4.590792000000000371e+03 3.744197000000000353e+50
4.767292999999999665e+03 3.472023999999999909e+50
4.957908000000000357e+03 3.208506999999999925e+50
5.164400999999999840e+03 2.953920999999999939e+50
5.388842999999999847e+03 2.708534000000000065e+50
5.633679000000000087e+03 2.472601999999999925e+50
5.901822000000000116e+03 2.246374000000000129e+50
6.196765999999999622e+03 2.030086000000000164e+50
6.522739999999999782e+03 1.823957000000000029e+50
6.884912999999999556e+03 1.628191000000000036e+50
7.289670000000000073e+03 1.442971999999999952e+50
7.744988999999999578e+03 1.268455999999999979e+50
8.260977999999999156e+03 1.104769999999999920e+50
8.850627000000000407e+03 9.520055000000000717e+49
9.530921000000000276e+03 8.102162000000000201e+49
