3.002282999999999902e+02 9.287822000000000792e+50
3.009569999999999936e+02 9.377990000000000230e+50
3.016892000000000280e+02 9.468822999999999713e+50
3.024250000000000114e+02 9.560321999999999873e+50
3.031644000000000005e+02 9.652487999999999676e+50
3.039073999999999955e+02 9.745323000000000382e+50
3.046541000000000281e+02 9.838827000000000329e+50
3.054044999999999845e+02 9.933002000000000777e+50
3.061585999999999785e+02 1.002784999999999966e+51
3.069164000000000101e+02 1.012336999999999968e+51
3.076779000000000224e+02 1.021956999999999922e+51
3.084433000000000220e+02 1.031644000000000029e+51
3.092124000000000024e+02 1.041397999999999957e+51
3.099855000000000018e+02 1.051220000000000003e+51
3.107622999999999820e+02 1.061110000000000002e+51
3.115430999999999813e+02 1.071067999999999953e+51
3.123278999999999996e+02 1.081093000000000057e+51
3.131164999999999736e+02 1.091185999999999947e+51
3.139091999999999985e+02 1.101347999999999921e+51
3.147058999999999855e+02 1.111577000000000048e+51
3.155067000000000235e+02 1.121873999999999961e+51
3.163115000000000236e+02 1.132238999999999992e+51
3.171204999999999927e+02 1.142671000000000011e+51
3.179336000000000126e+02 1.153171999999999946e+51
3.187509000000000015e+02 1.163740000000000035e+51
3.195724000000000160e+02 1.174377000000000042e+51
3.203980999999999995e+02 1.185081000000000035e+51
3.212282000000000153e+02 1.195852999999999981e+51
3.220625000000000000e+02 1.206692000000000080e+51
3.229012000000000171e+02 1.217598999999999965e+51
3.237441999999999780e+02 1.228573999999999968e+51
3.245917000000000030e+02 1.239615999999999959e+51
3.254436000000000035e+02 1.250724999999999936e+51
3.263000000000000114e+02 1.261902000000000032e+51
3.271610000000000014e+02 1.273144999999999984e+51
3.280264999999999986e+02 1.284456000000000055e+51
3.288965000000000032e+02 1.295832999999999981e+51
3.297712000000000216e+02 1.307275999999999929e+51
3.306505999999999972e+02 1.318786999999999995e+51
3.315346999999999866e+02 1.330362999999999953e+51
3.324234999999999900e+02 1.342004999999999932e+51
3.333170999999999822e+02 1.353712999999999933e+51
3.342155000000000200e+02 1.365486999999999957e+51
3.351186999999999898e+02 1.377326000000000037e+51
3.360269000000000119e+02 1.389230000000000008e+51
3.369399999999999977e+02 1.401198000000000071e+51
3.378580000000000041e+02 1.413231999999999990e+51
3.387810999999999808e+02 1.425329000000000036e+51
3.397092999999999847e+02 1.437490000000000007e+51
3.406424999999999841e+02 1.449715000000000070e+51
3.415808999999999855e+02 1.462002999999999928e+51
3.425244999999999891e+02 1.474354000000000078e+51
3.434732999999999947e+02 1.486768000000000023e+51
3.444273000000000025e+02 1.499243000000000165e+51
3.453867000000000189e+02 1.511781000000000101e+51
3.463514000000000124e+02 1.524378999999999936e+51
3.473215999999999894e+02 1.537038999999999933e+51
3.482971999999999753e+02 1.549757999999999864e+51
3.492783000000000015e+02 1.562537999999999992e+51
3.502649000000000115e+02 1.575377000000000054e+51
3.512570999999999799e+02 1.588276000000000015e+51
3.522549999999999955e+02 1.601231999999999980e+51
3.532585000000000264e+02 1.614246999999999878e+51
3.542678000000000225e+02 1.627319000000000114e+51
3.552828999999999837e+02 1.640447000000000055e+51
3.563038000000000238e+02 1.653632000000000001e+51
3.573306000000000040e+02 1.666872999999999985e+51
3.583632999999999811e+02 1.680169000000000044e+51
3.594019999999999868e+02 1.693518999999999878e+51
3.604467000000000212e+02 1.706921999999999856e+51
3.614975999999999772e+02 1.720378999999999943e+51
3.625545999999999935e+02 1.733887999999999876e+51
3.636177000000000135e+02 1.747448999999999987e+51
3.646872000000000185e+02 1.761060000000000015e+51
3.657629000000000019e+02 1.774721999999999923e+51
3.668450000000000273e+02 1.788433000000000115e+51
3.679334999999999809e+02 1.802192999999999925e+51
3.690285000000000082e+02 1.816000000000000089e+51
3.701301000000000272e+02 1.829853999999999940e+51
3.712382000000000062e+02 1.843755000000000145e+51
3.723530000000000086e+02 1.857701000000000108e+51
3.734744999999999777e+02 1.871690999999999864e+51
3.746028000000000020e+02 1.885724000000000113e+51
3.757379999999999995e+02 1.899799999999999858e+51
3.768799999999999955e+02 1.913918000000000130e+51
3.780289999999999964e+02 1.928076000000000003e+51
3.791850000000000023e+02 1.942272999999999843e+51
3.803480999999999881e+02 1.956508999999999984e+51
3.815183000000000106e+02 1.970783000000000127e+51
3.826958000000000197e+02 1.985093000000000010e+51
3.838806000000000154e+02 1.999438000000000000e+51
3.850727999999999724e+02 2.013818000000000098e+51
3.862722999999999729e+02 2.028231000000000041e+51
3.874793999999999983e+02 2.042674999999999898e+51
3.886940000000000168e+02 2.057150999999999968e+51
3.899162999999999784e+02 2.071656000000000022e+51
3.911462999999999965e+02 2.086189000000000095e+51
3.923840000000000146e+02 2.100748999999999890e+51
3.936297000000000139e+02 2.115335000000000107e+51
3.948831999999999880e+02 2.129946000000000116e+51
3.961447999999999752e+02 2.144579999999999987e+51
3.974144000000000005e+02 2.159236000000000086e+51
3.986922999999999888e+02 2.173912000000000152e+51
3.999782999999999902e+02 2.188606999999999886e+51
4.012726999999999862e+02 2.203319999999999990e+51
4.025754999999999768e+02 2.218048999999999867e+51
4.038867999999999938e+02 2.232792999999999885e+51
4.052065999999999804e+02 2.247550000000000113e+51
4.065350999999999999e+02 2.262318999999999923e+51
4.078724000000000274e+02 2.277098000000000049e+51
4.092183999999999742e+02 2.291885999999999860e+51
4.105733999999999924e+02 2.306681000000000091e+51
4.119374000000000251e+02 2.321481000000000148e+51
4.133104999999999905e+02 2.336285000000000065e+51
4.146927000000000021e+02 2.351090999999999912e+51
4.160842999999999847e+02 2.365898000000000057e+51
4.174852000000000203e+02 2.380702999999999939e+51
4.188956000000000017e+02 2.395504999999999926e+51
4.203154999999999859e+02 2.410302000000000088e+51
4.217450999999999794e+02 2.425093000000000126e+51
4.231845000000000141e+02 2.439875000000000147e+51
4.246336999999999762e+02 2.454646999999999852e+51
4.260928000000000111e+02 2.469406000000000011e+51
4.275620999999999867e+02 2.484151999999999959e+51
4.290414999999999850e+02 2.498882000000000133e+51
4.305312000000000126e+02 2.513592999999999974e+51
4.320312000000000126e+02 2.528285000000000146e+51
4.335418000000000234e+02 2.542955000000000089e+51
4.350629000000000133e+02 2.557599999999999908e+51
4.365948000000000206e+02 2.572219999999999935e+51
4.381374999999999886e+02 2.586811999999999942e+51
4.396911000000000058e+02 2.601373000000000035e+51
4.412558000000000220e+02 2.615901999999999916e+51
4.428315999999999804e+02 2.630396000000000021e+51
4.444187999999999761e+02 2.644854000000000055e+51
4.460172999999999774e+02 2.659272000000000155e+51
4.476274999999999977e+02 2.673649999999999990e+51
4.492491999999999734e+02 2.687984000000000033e+51
4.508827999999999747e+02 2.702272000000000019e+51
4.525283000000000015e+02 2.716512000000000020e+51
4.541859000000000037e+02 2.730702000000000105e+51
4.558555999999999813e+02 2.744839000000000046e+51
4.575376999999999725e+02 2.758919999999999948e+51
4.592321999999999775e+02 2.772945000000000144e+51
4.609393000000000029e+02 2.786909000000000143e+51
4.626591999999999985e+02 2.800810999999999981e+51
4.643919000000000210e+02 2.814647000000000129e+51
4.661376999999999953e+02 2.828416999999999922e+51
4.678965999999999781e+02 2.842114999999999903e+51
4.696689000000000078e+02 2.855742000000000037e+51
4.714546000000000276e+02 2.869293000000000165e+51
4.732540000000000191e+02 2.882766999999999990e+51
4.750672000000000139e+02 2.896159999999999985e+51
4.768942999999999870e+02 2.909469999999999887e+51
4.787355000000000018e+02 2.922694000000000133e+51
4.805910000000000082e+02 2.935830000000000127e+51
4.824608999999999810e+02 2.948874999999999976e+51
4.843455000000000155e+02 2.961826000000000115e+51
4.862447999999999979e+02 2.974679999999999986e+51
4.881589999999999918e+02 2.987434000000000024e+51
4.900885000000000105e+02 3.000087000000000265e+51
4.920332000000000221e+02 3.012634000000000220e+51
4.939934000000000083e+02 3.025072999999999957e+51
4.959692999999999756e+02 3.037402000000000211e+51
4.979610999999999876e+02 3.049616999999999792e+51
4.999689000000000192e+02 3.061715000000000135e+51
5.019929999999999950e+02 3.073693999999999980e+51
5.040335000000000036e+02 3.085550000000000132e+51
5.060907000000000266e+02 3.097280999999999995e+51
5.081648000000000138e+02 3.108883999999999674e+51
5.102558999999999969e+02 3.120354999999999974e+51
5.123642999999999574e+02 3.131692000000000300e+51
5.144901999999999589e+02 3.142892000000000091e+51
5.166337999999999511e+02 3.153951000000000153e+51
5.187953999999999724e+02 3.164866999999999890e+51
5.209750999999999976e+02 3.175636000000000106e+51
5.231731999999999516e+02 3.186256000000000208e+51
5.253899000000000115e+02 3.196722999999999669e+51
5.276254999999999882e+02 3.207034999999999889e+51
5.298803000000000338e+02 3.217187999999999678e+51
5.321543000000000347e+02 3.227177999999999841e+51
5.344479999999999791e+02 3.237003999999999748e+51
5.367614999999999554e+02 3.246662000000000203e+51
5.390951999999999771e+02 3.256148000000000016e+51
5.414492000000000189e+02 3.265459999999999923e+51
5.438238999999999805e+02 3.274594000000000062e+51
5.462195000000000391e+02 3.283546999999999874e+51
5.486363000000000056e+02 3.292317000000000092e+51
5.510744999999999436e+02 3.300899000000000228e+51
5.535345999999999549e+02 3.309292000000000316e+51
5.560167000000000144e+02 3.317489999999999901e+51
5.585212000000000216e+02 3.325491999999999683e+51
5.610483000000000402e+02 3.333294999999999765e+51
5.635983999999999696e+02 3.340894000000000323e+51
5.661717999999999620e+02 3.348288000000000062e+51
5.687688000000000557e+02 3.355471999999999822e+51
5.713896999999999480e+02 3.362443999999999673e+51
5.740348999999999933e+02 3.369199999999999753e+51
5.767047000000000025e+02 3.375737000000000168e+51
5.793994999999999891e+02 3.382053000000000323e+51
5.821195000000000164e+02 3.388142999999999727e+51
5.848651999999999589e+02 3.394005999999999746e+51
5.876369999999999436e+02 3.399636999999999889e+51
5.904351000000000340e+02 3.405033000000000260e+51
5.932599999999999909e+02 3.410193000000000231e+51
5.961121000000000549e+02 3.415111000000000010e+51
5.989917000000000371e+02 3.419786000000000296e+51
6.018993000000000393e+02 3.424213999999999902e+51
6.048352999999999611e+02 3.428393000000000224e+51
6.077999999999999545e+02 3.432319000000000075e+51
6.107939000000000078e+02 3.435989000000000222e+51
6.138174999999999955e+02 3.439400000000000107e+51
6.168712000000000444e+02 3.442549999999999800e+51
6.199554000000000542e+02 3.445434000000000138e+51
6.230706000000000131e+02 3.448051999999999794e+51
6.262173000000000229e+02 3.450398000000000305e+51
6.293958999999999833e+02 3.452471999999999678e+51
6.326068999999999960e+02 3.454269000000000082e+51
6.358509000000000242e+02 3.455788000000000221e+51
6.391282999999999674e+02 3.457024000000000271e+51
6.424397000000000162e+02 3.457976000000000267e+51
6.457854999999999563e+02 3.458641000000000313e+51
6.491663999999999533e+02 3.459015999999999849e+51
6.525828999999999951e+02 3.459099000000000274e+51
6.560354999999999563e+02 3.458885999999999735e+51
6.595249000000000024e+02 3.458375000000000294e+51
6.630516000000000076e+02 3.457564999999999994e+51
6.666162000000000489e+02 3.456452000000000302e+51
6.702192999999999756e+02 3.455032999999999994e+51
6.738615999999999531e+02 3.453306999999999770e+51
6.775436999999999443e+02 3.451270999999999735e+51
6.812663000000000011e+02 3.448922999999999958e+51
6.850299999999999727e+02 3.446259999999999880e+51
6.888355000000000246e+02 3.443281000000000200e+51
6.926834999999999809e+02 3.439982999999999693e+51
6.965747999999999820e+02 3.436363999999999759e+51
7.005099999999999909e+02 3.432422999999999767e+51
7.044900000000000091e+02 3.428155999999999858e+51
7.085153999999999996e+02 3.423563000000000032e+51
7.125870999999999640e+02 3.418640999999999728e+51
7.167059000000000424e+02 3.413387999999999681e+51
7.208724999999999454e+02 3.407802999999999926e+51
7.250878999999999905e+02 3.401884999999999834e+51
7.293528999999999769e+02 3.395631000000000173e+51
7.336683000000000447e+02 3.389040000000000314e+51
7.380351000000000568e+02 3.382110000000000327e+51
7.424542000000000144e+02 3.374841000000000211e+51
7.469266000000000076e+02 3.367230000000000072e+51
7.514530999999999494e+02 3.359277999999999874e+51
7.560348999999999933e+02 3.350980999999999758e+51
7.606728000000000520e+02 3.342341000000000318e+51
7.653681000000000267e+02 3.333353999999999699e+51
7.701215999999999440e+02 3.324020999999999861e+51
7.749346000000000458e+02 3.314341000000000174e+51
7.798080999999999676e+02 3.304312000000000044e+51
7.847432000000000016e+02 3.293935000000000099e+51
7.897413000000000238e+02 3.283208999999999710e+51
7.948034000000000106e+02 3.272132000000000277e+51
7.999307999999999765e+02 3.260705999999999735e+51
8.051249000000000251e+02 3.248929000000000149e+51
8.103867999999999938e+02 3.236801000000000189e+51
8.157178999999999860e+02 3.224322999999999820e+51
8.211196999999999662e+02 3.211493999999999741e+51
8.265933999999999742e+02 3.198313999999999953e+51
8.321407000000000380e+02 3.184783999999999756e+51
8.377627999999999702e+02 3.170902999999999850e+51
8.434615000000000009e+02 3.156673000000000165e+51
8.492382999999999811e+02 3.142094000000000036e+51
8.550946999999999889e+02 3.127166000000000128e+51
8.610324000000000524e+02 3.111889999999999741e+51
8.670531999999999471e+02 3.096267000000000170e+51
8.731588000000000420e+02 3.080299000000000015e+51
8.793509999999999991e+02 3.063984999999999977e+51
8.856316000000000486e+02 3.047327999999999949e+51
8.920026000000000295e+02 3.030327999999999933e+51
8.984659000000000333e+02 3.012986999999999859e+51
9.050235999999999876e+02 2.995307000000000321e+51
9.116776999999999589e+02 2.977289999999999921e+51
9.184302999999999884e+02 2.958935999999999986e+51
9.252838000000000420e+02 2.940248000000000082e+51
9.322403000000000475e+02 2.921228000000000137e+51
9.393021999999999707e+02 2.901879000000000047e+51
9.464719000000000051e+02 2.882202000000000109e+51
9.537518999999999778e+02 2.862199999999999886e+51
9.611446999999999434e+02 2.841875999999999939e+51
9.686530999999999949e+02 2.821231999999999865e+51
9.762797000000000480e+02 2.800270999999999891e+51
9.840272999999999683e+02 2.778995999999999913e+51
9.918989000000000260e+02 2.757410000000000159e+51
9.998973999999999478e+02 2.735517000000000156e+51
1.008025999999999954e+03 2.713320000000000133e+51
1.016288000000000011e+03 2.690821999999999983e+51
1.024685999999999922e+03 2.668026999999999901e+51
1.033224999999999909e+03 2.644939000000000078e+51
1.041905999999999949e+03 2.621562000000000043e+51
1.050734999999999900e+03 2.597899000000000023e+51
1.059714999999999918e+03 2.573956000000000142e+51
1.068849999999999909e+03 2.549735999999999961e+51
1.078143000000000029e+03 2.525243999999999972e+51
1.087599999999999909e+03 2.500484999999999999e+51
1.097223999999999933e+03 2.475462999999999903e+51
1.107019999999999982e+03 2.450184000000000139e+51
1.116991999999999962e+03 2.424651999999999904e+51
1.127145999999999958e+03 2.398872999999999983e+51
1.137484999999999900e+03 2.372850999999999906e+51
1.148017000000000053e+03 2.346594000000000057e+51
1.158744999999999891e+03 2.320106999999999931e+51
1.169674999999999955e+03 2.293394000000000051e+51
1.180814000000000078e+03 2.266463000000000139e+51
1.192166999999999916e+03 2.239319000000000019e+51
1.203740000000000009e+03 2.211968000000000148e+51
1.215539999999999964e+03 2.184417999999999913e+51
1.227574000000000069e+03 2.156674000000000137e+51
1.239848999999999933e+03 2.128743999999999876e+51
1.252371000000000095e+03 2.100633999999999917e+51
1.265148999999999887e+03 2.072351000000000017e+51
1.278191000000000031e+03 2.043901999999999930e+51
1.291503999999999905e+03 2.015295000000000042e+51
1.305096999999999980e+03 1.986538000000000074e+51
1.318980000000000018e+03 1.957637000000000149e+51
1.333161000000000058e+03 1.928599999999999986e+51
1.347650000000000091e+03 1.899435999999999938e+51
1.362458000000000084e+03 1.870152000000000091e+51
1.377594000000000051e+03 1.840755999999999834e+51
1.393070999999999913e+03 1.811258000000000147e+51
1.408900000000000091e+03 1.781664000000000156e+51
1.425092000000000098e+03 1.751983999999999845e+51
1.441661000000000058e+03 1.722226999999999895e+51
1.458619999999999891e+03 1.692401000000000029e+51
1.475981999999999971e+03 1.662515999999999895e+51
1.493762999999999920e+03 1.632578999999999916e+51
1.511978000000000065e+03 1.602601000000000039e+51
1.530642000000000053e+03 1.572591999999999915e+51
1.549771999999999935e+03 1.542558999999999964e+51
1.569386999999999944e+03 1.512514000000000099e+51
1.589505000000000109e+03 1.482465000000000042e+51
1.610144999999999982e+03 1.452423000000000073e+51
1.631328999999999951e+03 1.422398000000000009e+51
1.653076999999999998e+03 1.392398000000000069e+51
1.675412000000000035e+03 1.362435999999999965e+51
1.698359999999999900e+03 1.332521000000000049e+51
1.721944999999999936e+03 1.302662999999999970e+51
1.746194999999999936e+03 1.272873000000000009e+51
1.771136999999999944e+03 1.243160999999999984e+51
1.796801999999999907e+03 1.213538999999999974e+51
1.823221000000000004e+03 1.184015999999999997e+51
1.850429000000000087e+03 1.154604999999999931e+51
1.878461999999999989e+03 1.125314999999999962e+51
1.907356999999999971e+03 1.096157000000000036e+51
1.937154999999999973e+03 1.067144000000000033e+51
1.967897999999999911e+03 1.038285999999999935e+51
1.999634000000000015e+03 1.009594000000000024e+51
2.032409000000000106e+03 9.810795999999999606e+50
2.066277000000000044e+03 9.527541999999999453e+50
2.101293000000000120e+03 9.246293999999999717e+50
2.137516000000000076e+03 8.967163999999999480e+50
2.175009000000000015e+03 8.690269999999999939e+50
2.213842000000000098e+03 8.415725999999999773e+50
2.254085999999999785e+03 8.143648000000000581e+50
2.295820999999999913e+03 7.874152999999999608e+50
2.339130000000000109e+03 7.607358000000000745e+50
2.384105000000000018e+03 7.343378999999999776e+50
2.430842999999999847e+03 7.082332999999999761e+50
2.479449999999999818e+03 6.824338000000000235e+50
2.530039999999999964e+03 6.569508999999999677e+50
2.582739000000000033e+03 6.317964000000000115e+50
2.637679000000000087e+03 6.069818999999999824e+50
2.695007000000000062e+03 5.825190000000000406e+50
2.754882999999999811e+03 5.584193999999999934e+50
2.817480000000000018e+03 5.346945000000000411e+50
2.882987000000000080e+03 5.113558000000000315e+50
2.951612999999999829e+03 4.884149000000000413e+50
3.023585999999999785e+03 4.658828000000000190e+50
3.099157000000000153e+03 4.437709999999999783e+50
3.178601999999999862e+03 4.220906000000000137e+50
3.262228000000000065e+03 4.008525000000000105e+50
3.350371999999999844e+03 3.800676000000000201e+50
3.443411999999999807e+03 3.597466999999999895e+50
3.541766999999999825e+03 3.399005000000000103e+50
3.645907000000000153e+03 3.205391999999999841e+50
3.756355000000000018e+03 3.016730999999999999e+50
3.873704000000000178e+03 2.833121999999999992e+50
3.998621999999999844e+03 2.654663000000000056e+50
4.131864999999999782e+03 2.481449000000000197e+50
4.274293999999999869e+03 2.313572999999999993e+50
4.426893000000000029e+03 2.151125000000000039e+50
4.590792000000000371e+03 1.994189999999999862e+50
4.767292999999999665e+03 1.842852000000000018e+50
4.957908000000000357e+03 1.697190999999999998e+50
5.164400999999999840e+03 1.557281000000000085e+50
5.388842999999999847e+03 1.423194999999999933e+50
5.633679000000000087e+03 1.294998999999999978e+50
5.901822000000000116e+03 1.172755000000000009e+50
6.196765999999999622e+03 1.056518999999999981e+50
6.522739999999999782e+03 9.463409000000000386e+49
6.884912999999999556e+03 8.422663000000000472e+49
7.289670000000000073e+03 7.443323000000000243e+49
7.744988999999999578e+03 6.525687000000000014e+49
8.260977999999999156e+03 5.669970000000000171e+49
8.850627000000000407e+03 4.876287000000000438e+49
9.530921000000000276e+03 4.144634000000000061e+49
