   2.4177950e+11   1.2399728e+07   2.2825254e+25
   2.4419729e+13   1.2276958e+05   1.9318293e+29
   4.8597679e+13   6.1690189e+04   6.3115859e+29
   7.2775629e+13   4.1195110e+04   1.1637258e+30
   9.6953578e+13   3.0922015e+04   1.6967946e+30
   1.2113153e+14   2.4749956e+04   2.1795149e+30
   1.4530948e+14   2.0631827e+04   2.5909318e+30
   1.6948743e+14   1.7688628e+04   2.9284210e+30
   1.9366538e+14   1.5480310e+04   3.1989803e+30
   2.1784333e+14   1.3762184e+04   3.4134502e+30
   2.4202128e+14   1.2387341e+04   3.5831411e+30
   2.6619923e+14   1.1262242e+04   3.7181645e+30
   2.9037718e+14   1.0324503e+04   3.8268217e+30
   3.1455513e+14   9.5309208e+03   3.9155724e+30
   3.3873308e+14   8.8506267e+03   3.9892661e+30
   3.6291103e+14   8.2609780e+03   4.0514590e+30
   3.8708897e+14   7.7449894e+03   4.1047210e+30
   4.1126692e+14   7.2896696e+03   4.1508970e+30
   4.3544487e+14   6.8849128e+03   4.1913117e+30
   4.5962282e+14   6.5227396e+03   4.2269230e+30
   4.8380077e+14   6.1967656e+03   4.2584328e+30
   5.0797872e+14   5.9018220e+03   4.2863651e+30
   5.3215667e+14   5.6336792e+03   4.3111204e+30
   5.5633462e+14   5.3888431e+03   4.3330126e+30
   5.8051257e+14   5.1644015e+03   4.3522943e+30
   6.0469052e+14   4.9579080e+03   4.3691744e+30
   6.2886847e+14   4.7672926e+03   4.3838293e+30
   6.5304642e+14   4.5907916e+03   4.3964111e+30
   6.7722437e+14   4.4268933e+03   4.4070532e+30
   7.0140232e+14   4.2742944e+03   4.4158742e+30
   7.2558027e+14   4.1318654e+03   4.4229807e+30
   7.4975822e+14   3.9986224e+03   4.4284693e+30
   7.7393617e+14   3.8737045e+03   4.4324279e+30
   7.9811412e+14   3.7563550e+03   4.4349377e+30
   8.2229207e+14   3.6459065e+03   4.4360730e+30
   8.4647002e+14   3.5417675e+03   4.4359031e+30
   8.7064797e+14   3.4434124e+03   4.4344920e+30
   8.9482592e+14   3.3503723e+03   4.4318995e+30
   9.1900387e+14   3.2622278e+03   4.4281816e+30
   9.4318182e+14   3.1786024e+03   4.4233905e+30
   9.6735977e+14   3.0991572e+03   4.4175754e+30
   9.9153772e+14   3.0235864e+03   4.4107825e+30
   1.0157157e+15   2.9516134e+03   4.4030553e+30
   1.0398936e+15   2.8829872e+03   4.3944351e+30
   1.0640716e+15   2.8174797e+03   4.3849608e+30
   1.0882495e+15   2.7548829e+03   4.3746691e+30
   1.1124275e+15   2.6950072e+03   4.3635953e+30
   1.1366054e+15   2.6376788e+03   4.3517725e+30
   1.1607834e+15   2.5827386e+03   4.3392325e+30
   1.1849613e+15   2.5300404e+03   4.3260054e+30
   1.2091393e+15   2.4794497e+03   4.3121201e+30
   1.2333172e+15   2.4308426e+03   4.2976041e+30
   1.2574952e+15   2.3841046e+03   4.2824837e+30
   1.2816731e+15   2.3391300e+03   4.2667843e+30
   1.3058511e+15   2.2958208e+03   4.2505299e+30
   1.3300290e+15   2.2540862e+03   4.2337439e+30
   1.3542070e+15   2.2138418e+03   4.2164484e+30
   1.3783849e+15   2.1750093e+03   4.1986650e+30
   1.4025629e+15   2.1375156e+03   4.1804142e+30
   1.4267408e+15   2.1012927e+03   4.1617159e+30
   1.4509188e+15   2.0662770e+03   4.1425892e+30
   1.4750967e+15   2.0324091e+03   4.1230526e+30
   1.4992747e+15   1.9996336e+03   4.1031239e+30
   1.5234526e+15   1.9678984e+03   4.0828203e+30
   1.5476306e+15   1.9371548e+03   4.0621583e+30
   1.5718085e+15   1.9073570e+03   4.0411541e+30
   1.5959865e+15   1.8784621e+03   4.0198232e+30
   1.6201644e+15   1.8504295e+03   3.9981805e+30
   1.6443424e+15   1.8232213e+03   3.9762406e+30
   1.6685203e+15   1.7968016e+03   3.9540176e+30
   1.6926983e+15   1.7711367e+03   3.9315252e+30
   1.7168762e+15   1.7461946e+03   3.9087766e+30
   1.7410542e+15   1.7219453e+03   3.8857845e+30
   1.7652321e+15   1.6983602e+03   3.8625615e+30
   1.7894101e+15   1.6754125e+03   3.8391195e+30
   1.8135880e+15   1.6530767e+03   3.8154704e+30
   1.8377660e+15   1.6313285e+03   3.7916255e+30
   1.8619439e+15   1.6101452e+03   3.7675958e+30
   1.8861219e+15   1.5895049e+03   3.7433921e+30
   1.9102998e+15   1.5693872e+03   3.7190247e+30
   1.9344778e+15   1.5497723e+03   3.6945038e+30
   1.9586557e+15   1.5306416e+03   3.6698393e+30
   1.9828337e+15   1.5119776e+03   3.6450406e+30
   2.0070116e+15   1.4937632e+03   3.6201171e+30
   2.0311896e+15   1.4759824e+03   3.5950778e+30
   2.0553675e+15   1.4586199e+03   3.5699315e+30
   2.0795455e+15   1.4416612e+03   3.5446868e+30
   2.1037234e+15   1.4250923e+03   3.5193519e+30
   2.1279014e+15   1.4088999e+03   3.4939349e+30
   2.1520793e+15   1.3930713e+03   3.4684437e+30
   2.1762573e+15   1.3775945e+03   3.4428860e+30
   2.2004352e+15   1.3624578e+03   3.4172691e+30
   2.2246132e+15   1.3476500e+03   3.3916002e+30
   2.2487911e+15   1.3331607e+03   3.3658866e+30
   2.2729691e+15   1.3189797e+03   3.3401348e+30
   2.2971470e+15   1.3050971e+03   3.3143517e+30
   2.3213250e+15   1.2915038e+03   3.2885437e+30
   2.3455029e+15   1.2781907e+03   3.2627171e+30
   2.3696809e+15   1.2651493e+03   3.2368780e+30
   2.3938588e+15   1.2523713e+03   3.2110323e+30
   2.4180368e+15   1.2398488e+03   3.1851859e+30
   2.4422147e+15   1.2275743e+03   3.1593443e+30
   2.4663926e+15   1.2155404e+03   3.1335131e+30
   2.4905706e+15   1.2037402e+03   3.1076976e+30
   2.5147485e+15   1.1921669e+03   3.0819028e+30
   2.5389265e+15   1.1808140e+03   3.0561340e+30
   2.5631044e+15   1.1696753e+03   3.0303958e+30
   2.5872824e+15   1.1587448e+03   3.0046932e+30
   2.6114603e+15   1.1480167e+03   2.9790306e+30
   2.6356383e+15   1.1374854e+03   2.9534126e+30
   2.6598162e+15   1.1271455e+03   2.9278435e+30
   2.6839942e+15   1.1169920e+03   2.9023275e+30
   2.7081721e+15   1.1070197e+03   2.8768687e+30
   2.7323501e+15   1.0972240e+03   2.8514711e+30
   2.7565280e+15   1.0876000e+03   2.8261385e+30
   2.7807060e+15   1.0781435e+03   2.8008747e+30
   2.8048839e+15   1.0688499e+03   2.7756833e+30
   2.8290619e+15   1.0597152e+03   2.7505678e+30
   2.8532398e+15   1.0507354e+03   2.7255316e+30
   2.8774178e+15   1.0419064e+03   2.7005780e+30
   2.9015957e+15   1.0332246e+03   2.6757102e+30
   2.9257737e+15   1.0246862e+03   2.6509313e+30
   2.9499516e+15   1.0162878e+03   2.6262443e+30
   2.9741296e+15   1.0080260e+03   2.6016520e+30
   2.9983075e+15   9.9989743e+02   2.5771574e+30
   3.0224855e+15   9.9189889e+02   2.5527630e+30
   3.0466634e+15   9.8402730e+02   2.5284715e+30
   3.0708414e+15   9.7627966e+02   2.5042854e+30
   3.0950193e+15   9.6865307e+02   2.4802072e+30
   3.1191973e+15   9.6114472e+02   2.4562392e+30
   3.1433752e+15   9.5375187e+02   2.4323836e+30
   3.1675532e+15   9.4647187e+02   2.4086426e+30
   3.1917311e+15   9.3930217e+02   2.3850184e+30
   3.2159091e+15   9.3224028e+02   2.3615130e+30
   3.2400870e+15   9.2528378e+02   2.3381283e+30
   3.2642650e+15   9.1843034e+02   2.3148661e+30
   3.2884429e+15   9.1167767e+02   2.2917284e+30
   3.3126209e+15   9.0502357e+02   2.2687167e+30
   3.3367988e+15   8.9846591e+02   2.2458327e+30
   3.3609768e+15   8.9200259e+02   2.2230781e+30
   3.3851547e+15   8.8563160e+02   2.2004543e+30
   3.4093327e+15   8.7935097e+02   2.1779628e+30
   3.4335106e+15   8.7315879e+02   2.1556049e+30
   3.4576886e+15   8.6705321e+02   2.1333820e+30
   3.4818665e+15   8.6103243e+02   2.1112953e+30
   3.5060445e+15   8.5509468e+02   2.0893460e+30
   3.5302224e+15   8.4923827e+02   2.0675353e+30
   3.5544004e+15   8.4346153e+02   2.0458642e+30
   3.5785783e+15   8.3776285e+02   2.0243337e+30
   3.6027563e+15   8.3214066e+02   2.0029448e+30
   3.6269342e+15   8.2659343e+02   1.9816984e+30
   3.6511122e+15   8.2111966e+02   1.9605953e+30
   3.6752901e+15   8.1571791e+02   1.9396364e+30
   3.6994681e+15   8.1038677e+02   1.9188223e+30
   3.7236460e+15   8.0512486e+02   1.8981538e+30
   3.7478240e+15   7.9993084e+02   1.8776316e+30
   3.7720019e+15   7.9480341e+02   1.8572561e+30
   3.7961799e+15   7.8974129e+02   1.8370280e+30
   3.8203578e+15   7.8474324e+02   1.8169478e+30
   3.8445358e+15   7.7980806e+02   1.7970159e+30
   3.8687137e+15   7.7493457e+02   1.7772327e+30
   3.8928917e+15   7.7012161e+02   1.7575986e+30
   3.9170696e+15   7.6536806e+02   1.7381140e+30
   3.9412476e+15   7.6067284e+02   1.7187791e+30
   3.9654255e+15   7.5603488e+02   1.6995942e+30
   3.9896035e+15   7.5145312e+02   1.6805595e+30
   4.0137814e+15   7.4692657e+02   1.6616751e+30
   4.0379594e+15   7.4245422e+02   1.6429412e+30
   4.0621373e+15   7.3803512e+02   1.6243579e+30
   4.0863153e+15   7.3366830e+02   1.6059253e+30
   4.1104932e+15   7.2935286e+02   1.5876433e+30
   4.1346712e+15   7.2508789e+02   1.5695120e+30
   4.1588491e+15   7.2087251e+02   1.5515313e+30
   4.1830271e+15   7.1670586e+02   1.5337012e+30
   4.2072050e+15   7.1258709e+02   1.5160216e+30
   4.2313830e+15   7.0851540e+02   1.4984922e+30
   4.2555609e+15   7.0448997e+02   1.4811131e+30
   4.2797389e+15   7.0051003e+02   1.4638839e+30
   4.3039168e+15   6.9657480e+02   1.4468044e+30
   4.3280948e+15   6.9268354e+02   1.4298745e+30
   4.3522727e+15   6.8883551e+02   1.4130938e+30
   4.3764507e+15   6.8503000e+02   1.3964621e+30
   4.4006286e+15   6.8126630e+02   1.3799789e+30
   4.4248066e+15   6.7754374e+02   1.3636440e+30
   4.4489845e+15   6.7386164e+02   1.3474570e+30
   4.4731625e+15   6.7021934e+02   1.3314175e+30
   4.4973404e+15   6.6661620e+02   1.3155250e+30
   4.5215184e+15   6.6305160e+02   1.2997792e+30
   4.5456963e+15   6.5952492e+02   1.2841796e+30
   4.5698743e+15   6.5603555e+02   1.2687257e+30
   4.5940522e+15   6.5258292e+02   1.2534169e+30
   4.6182302e+15   6.4916643e+02   1.2382529e+30
   4.6424081e+15   6.4578553e+02   1.2232329e+30
   4.6665861e+15   6.4243967e+02   1.2083566e+30
   4.6907640e+15   6.3912829e+02   1.1936232e+30
   4.7149420e+15   6.3585088e+02   1.1790323e+30
   4.7391199e+15   6.3260691e+02   1.1645831e+30
   4.7632979e+15   6.2939587e+02   1.1502752e+30
   4.7874758e+15   6.2621726e+02   1.1361078e+30
   4.8116538e+15   6.2307060e+02   1.1220803e+30
   4.8358317e+15   6.1995540e+02   1.1081920e+30
   4.8600097e+15   6.1687120e+02   1.0944422e+30
   4.8841876e+15   6.1381753e+02   1.0808303e+30
   4.9083656e+15   6.1079395e+02   1.0673556e+30
   4.9325435e+15   6.0780001e+02   1.0540173e+30
   4.9567215e+15   6.0483528e+02   1.0408146e+30
   4.9808994e+15   6.0189933e+02   1.0277469e+30
   5.0050774e+15   5.9899174e+02   1.0148135e+30
   5.0292553e+15   5.9611211e+02   1.0020134e+30
   5.0534333e+15   5.9326004e+02   9.8934607e+29
   5.0776112e+15   5.9043512e+02   9.7681058e+29
   5.1017892e+15   5.8763698e+02   9.6440619e+29
   5.1259671e+15   5.8486524e+02   9.5213210e+29
   5.1501451e+15   5.8211952e+02   9.3998749e+29
   5.1743230e+15   5.7939947e+02   9.2797156e+29
   5.1985010e+15   5.7670471e+02   9.1608348e+29
   5.2226789e+15   5.7403491e+02   9.0432241e+29
   5.2468569e+15   5.7138971e+02   8.9268754e+29
   5.2710348e+15   5.6876877e+02   8.8117800e+29
   5.2952128e+15   5.6617177e+02   8.6979295e+29
   5.3193907e+15   5.6359838e+02   8.5853154e+29
   5.3435687e+15   5.6104828e+02   8.4739292e+29
   5.3677466e+15   5.5852115e+02   8.3637620e+29
   5.3919246e+15   5.5601668e+02   8.2548054e+29
   5.4161025e+15   5.5353457e+02   8.1470504e+29
   5.4402805e+15   5.5107453e+02   8.0404885e+29
   5.4644584e+15   5.4863626e+02   7.9351107e+29
   5.4886364e+15   5.4621946e+02   7.8309082e+29
   5.5128143e+15   5.4382387e+02   7.7278721e+29
   5.5369923e+15   5.4144919e+02   7.6259936e+29
   5.5611702e+15   5.3909517e+02   7.5252637e+29
   5.5853482e+15   5.3676153e+02   7.4256736e+29
   5.6095261e+15   5.3444800e+02   7.3272141e+29
   5.6337041e+15   5.3215433e+02   7.2298764e+29
   5.6578820e+15   5.2988026e+02   7.1336515e+29
   5.6820600e+15   5.2762555e+02   7.0385303e+29
   5.7062379e+15   5.2538994e+02   6.9445038e+29
   5.7304159e+15   5.2317320e+02   6.8515631e+29
   5.7545938e+15   5.2097509e+02   6.7596991e+29
   5.7787718e+15   5.1879536e+02   6.6689027e+29
   5.8029497e+15   5.1663381e+02   6.5791650e+29
   5.8271277e+15   5.1449019e+02   6.4904769e+29
   5.8513056e+15   5.1236428e+02   6.4028294e+29
   5.8754836e+15   5.1025587e+02   6.3162134e+29
   5.8996615e+15   5.0816475e+02   6.2306201e+29
   5.9238395e+15   5.0609069e+02   6.1460403e+29
   5.9480174e+15   5.0403349e+02   6.0624652e+29
   5.9721954e+15   5.0199296e+02   5.9798856e+29
   5.9963733e+15   4.9996887e+02   5.8982927e+29
   6.0205513e+15   4.9796105e+02   5.8176776e+29
   6.0447292e+15   4.9596928e+02   5.7380313e+29
   6.0689072e+15   4.9399339e+02   5.6593449e+29
   6.0930851e+15   4.9203317e+02   5.5816095e+29
   6.1172631e+15   4.9008846e+02   5.5048164e+29
   6.1414410e+15   4.8815905e+02   5.4289566e+29
   6.1656190e+15   4.8624477e+02   5.3540214e+29
   6.1897969e+15   4.8434546e+02   5.2800019e+29
   6.2139749e+15   4.8246092e+02   5.2068895e+29
   6.2381528e+15   4.8059098e+02   5.1346754e+29
   6.2623308e+15   4.7873549e+02   5.0633510e+29
   6.2865087e+15   4.7689427e+02   4.9929076e+29
   6.3106867e+15   4.7506716e+02   4.9233366e+29
   6.3348646e+15   4.7325400e+02   4.8546294e+29
   6.3590426e+15   4.7145462e+02   4.7867774e+29
   6.3832205e+15   4.6966888e+02   4.7197722e+29
   6.4073985e+15   4.6789661e+02   4.6536053e+29
   6.4315764e+15   4.6613766e+02   4.5882683e+29
   6.4557544e+15   4.6439190e+02   4.5237528e+29
   6.4799323e+15   4.6265915e+02   4.4600503e+29
   6.5041103e+15   4.6093930e+02   4.3971527e+29
   6.5282882e+15   4.5923218e+02   4.3350517e+29
   6.5524662e+15   4.5753766e+02   4.2737390e+29
   6.5766441e+15   4.5585559e+02   4.2132065e+29
   6.6008221e+15   4.5418585e+02   4.1534460e+29
   6.6250000e+15   4.5252830e+02   4.0944496e+29
   6.6491779e+15   4.5088280e+02   4.0362090e+29
   6.6733559e+15   4.4924923e+02   3.9787164e+29
   6.6975338e+15   4.4762745e+02   3.9219638e+29
   6.7217118e+15   4.4601734e+02   3.8659433e+29
   6.7458897e+15   4.4441877e+02   3.8106470e+29
   6.7700677e+15   4.4283161e+02   3.7560673e+29
   6.7942456e+15   4.4125576e+02   3.7021963e+29
   6.8184236e+15   4.3969107e+02   3.6490263e+29
   6.8426015e+15   4.3813745e+02   3.5965498e+29
   6.8667795e+15   4.3659477e+02   3.5447590e+29
   6.8909574e+15   4.3506291e+02   3.4936466e+29
   6.9151354e+15   4.3354176e+02   3.4432049e+29
   6.9393133e+15   4.3203122e+02   3.3934266e+29
   6.9634913e+15   4.3053116e+02   3.3443043e+29
   6.9876692e+15   4.2904149e+02   3.2958307e+29
   7.0118472e+15   4.2756208e+02   3.2479984e+29
   7.0360251e+15   4.2609285e+02   3.2008003e+29
   7.0602031e+15   4.2463368e+02   3.1542292e+29
   7.0843810e+15   4.2318446e+02   3.1082781e+29
   7.1085590e+15   4.2174511e+02   3.0629397e+29
   7.1327369e+15   4.2031551e+02   3.0182072e+29
   7.1569149e+15   4.1889558e+02   2.9740736e+29
   7.1810928e+15   4.1748520e+02   2.9305320e+29
   7.2052708e+15   4.1608429e+02   2.8875756e+29
   7.2294487e+15   4.1469275e+02   2.8451976e+29
   7.2536267e+15   4.1331049e+02   2.8033912e+29
   7.2778046e+15   4.1193741e+02   2.7621498e+29
   7.3019826e+15   4.1057342e+02   2.7214668e+29
   7.3261605e+15   4.0921844e+02   2.6813357e+29
   7.3503385e+15   4.0787237e+02   2.6417499e+29
   7.3745164e+15   4.0653513e+02   2.6027029e+29
   7.3986944e+15   4.0520663e+02   2.5641885e+29
   7.4228723e+15   4.0388678e+02   2.5262002e+29
   7.4470503e+15   4.0257550e+02   2.4887318e+29
   7.4712282e+15   4.0127271e+02   2.4517770e+29
   7.4954062e+15   3.9997832e+02   2.4153297e+29
   7.5195841e+15   3.9869226e+02   2.3793838e+29
   7.5437621e+15   3.9741444e+02   2.3439332e+29
   7.5679400e+15   3.9614479e+02   2.3089719e+29
   7.5921180e+15   3.9488322e+02   2.2744940e+29
   7.6162959e+15   3.9362966e+02   2.2404936e+29
   7.6404739e+15   3.9238404e+02   2.2069648e+29
   7.6646518e+15   3.9114627e+02   2.1739019e+29
   7.6888298e+15   3.8991629e+02   2.1412991e+29
   7.7130077e+15   3.8869402e+02   2.1091507e+29
   7.7371857e+15   3.8747939e+02   2.0774512e+29
   7.7613636e+15   3.8627233e+02   2.0461950e+29
   7.7855416e+15   3.8507276e+02   2.0153765e+29
   7.8097195e+15   3.8388062e+02   1.9849904e+29
   7.8338975e+15   3.8269584e+02   1.9550311e+29
   7.8580754e+15   3.8151835e+02   1.9254934e+29
   7.8822534e+15   3.8034809e+02   1.8963720e+29
   7.9064313e+15   3.7918498e+02   1.8676616e+29
   7.9306093e+15   3.7802896e+02   1.8393571e+29
   7.9547872e+15   3.7687997e+02   1.8114532e+29
   7.9789652e+15   3.7573795e+02   1.7839449e+29
   8.0031431e+15   3.7460282e+02   1.7568273e+29
   8.0273211e+15   3.7347453e+02   1.7300952e+29
   8.0514990e+15   3.7235302e+02   1.7037438e+29
   8.0756770e+15   3.7123823e+02   1.6777682e+29
   8.0998549e+15   3.7013009e+02   1.6521635e+29
   8.1240329e+15   3.6902854e+02   1.6269250e+29
   8.1482108e+15   3.6793353e+02   1.6020480e+29
   8.1723888e+15   3.6684500e+02   1.5775278e+29
   8.1965667e+15   3.6576290e+02   1.5533597e+29
   8.2207447e+15   3.6468716e+02   1.5295393e+29
   8.2449226e+15   3.6361772e+02   1.5060618e+29
   8.2691006e+15   3.6255455e+02   1.4829230e+29
   8.2932785e+15   3.6149757e+02   1.4601183e+29
   8.3174565e+15   3.6044673e+02   1.4376434e+29
   8.3416344e+15   3.5940199e+02   1.4154939e+29
   8.3658124e+15   3.5836328e+02   1.3936655e+29
   8.3899903e+15   3.5733057e+02   1.3721541e+29
   8.4141683e+15   3.5630378e+02   1.3509554e+29
   8.4383462e+15   3.5528289e+02   1.3300652e+29
   8.4625242e+15   3.5426782e+02   1.3094796e+29
   8.4867021e+15   3.5325854e+02   1.2891944e+29
   8.5108801e+15   3.5225499e+02   1.2692056e+29
   8.5350580e+15   3.5125713e+02   1.2495092e+29
   8.5592360e+15   3.5026491e+02   1.2301014e+29
   8.5834139e+15   3.4927827e+02   1.2109783e+29
   8.6075919e+15   3.4829718e+02   1.1921360e+29
   8.6317698e+15   3.4732159e+02   1.1735708e+29
   8.6559478e+15   3.4635144e+02   1.1552789e+29
   8.6801257e+15   3.4538670e+02   1.1372567e+29
   8.7043037e+15   3.4442732e+02   1.1195004e+29
   8.7284816e+15   3.4347326e+02   1.1020065e+29
   8.7526596e+15   3.4252446e+02   1.0847714e+29
   8.7768375e+15   3.4158089e+02   1.0677916e+29
   8.8010155e+15   3.4064251e+02   1.0510636e+29
   8.8251934e+15   3.3970927e+02   1.0345839e+29
   8.8493714e+15   3.3878113e+02   1.0183492e+29
   8.8735493e+15   3.3785804e+02   1.0023560e+29
   8.8977273e+15   3.3693997e+02   9.8660117e+28
   8.9219052e+15   3.3602688e+02   9.7108130e+28
   8.9460832e+15   3.3511873e+02   9.5579318e+28
   8.9702611e+15   3.3421547e+02   9.4073360e+28
   8.9944391e+15   3.3331706e+02   9.2589940e+28
   9.0186170e+15   3.3242347e+02   9.1128745e+28
   9.0427950e+15   3.3153466e+02   8.9689468e+28
   9.0669729e+15   3.3065060e+02   8.8271802e+28
   9.0911509e+15   3.2977123e+02   8.6875448e+28
   9.1153288e+15   3.2889653e+02   8.5500106e+28
   9.1395068e+15   3.2802645e+02   8.4145485e+28
   9.1636847e+15   3.2716097e+02   8.2811292e+28
   9.1878627e+15   3.2630004e+02   8.1497243e+28
   9.2120406e+15   3.2544364e+02   8.0203053e+28
   9.2362186e+15   3.2459171e+02   7.8928443e+28
   9.2603965e+15   3.2374424e+02   7.7673138e+28
   9.2845745e+15   3.2290117e+02   7.6436864e+28
   9.3087524e+15   3.2206249e+02   7.5219354e+28
   9.3329304e+15   3.2122815e+02   7.4020340e+28
   9.3571083e+15   3.2039813e+02   7.2839561e+28
   9.3812863e+15   3.1957238e+02   7.1676758e+28
   9.4054642e+15   3.1875088e+02   7.0531674e+28
   9.4296422e+15   3.1793359e+02   6.9404058e+28
   9.4538201e+15   3.1712048e+02   6.8293661e+28
   9.4779981e+15   3.1631152e+02   6.7200235e+28
   9.5021760e+15   3.1550668e+02   6.6123540e+28
   9.5263540e+15   3.1470592e+02   6.5063333e+28
   9.5505319e+15   3.1390922e+02   6.4019380e+28
   9.5747099e+15   3.1311654e+02   6.2991446e+28
   9.5988878e+15   3.1232785e+02   6.1979301e+28
   9.6230658e+15   3.1154313e+02   6.0982717e+28
   9.6472437e+15   3.1076234e+02   6.0001469e+28
   9.6714217e+15   3.0998545e+02   5.9035337e+28
   9.6955996e+15   3.0921244e+02   5.8084101e+28
   9.7197776e+15   3.0844327e+02   5.7147545e+28
   9.7439555e+15   3.0767792e+02   5.6225456e+28
   9.7681335e+15   3.0691636e+02   5.5317624e+28
   9.7923114e+15   3.0615856e+02   5.4423842e+28
   9.8164894e+15   3.0540450e+02   5.3543904e+28
   9.8406673e+15   3.0465414e+02   5.2677610e+28
   9.8648453e+15   3.0390745e+02   5.1824758e+28
   9.8890232e+15   3.0316442e+02   5.0985154e+28
   9.9132012e+15   3.0242501e+02   5.0158602e+28
   9.9373791e+15   3.0168920e+02   4.9344911e+28
   9.9615571e+15   3.0095697e+02   4.8543893e+28
   9.9857350e+15   3.0022828e+02   4.7755361e+28
   1.0009913e+16   2.9950310e+02   4.6979131e+28
   1.0034091e+16   2.9878143e+02   4.6215022e+28
   1.0058269e+16   2.9806322e+02   4.5462854e+28
   1.0082447e+16   2.9734846e+02   4.4722452e+28
   1.0106625e+16   2.9663711e+02   4.3993642e+28
   1.0130803e+16   2.9592917e+02   4.3276251e+28
   1.0154981e+16   2.9522459e+02   4.2570110e+28
   1.0179159e+16   2.9452336e+02   4.1875052e+28
   1.0203337e+16   2.9382545e+02   4.1190913e+28
   1.0227515e+16   2.9313085e+02   4.0517530e+28
   1.0251692e+16   2.9243952e+02   3.9854742e+28
   1.0275870e+16   2.9175144e+02   3.9202391e+28
   1.0300048e+16   2.9106659e+02   3.8560322e+28
   1.0324226e+16   2.9038496e+02   3.7928381e+28
   1.0348404e+16   2.8970650e+02   3.7306416e+28
   1.0372582e+16   2.8903121e+02   3.6694277e+28
   1.0396760e+16   2.8835906e+02   3.6091817e+28
   1.0420938e+16   2.8769003e+02   3.5498891e+28
   1.0445116e+16   2.8702410e+02   3.4915355e+28
   1.0469294e+16   2.8636124e+02   3.4341068e+28
   1.0493472e+16   2.8570144e+02   3.3775891e+28
   1.0517650e+16   2.8504467e+02   3.3219685e+28
   1.0541828e+16   2.8439091e+02   3.2672316e+28
   1.0566006e+16   2.8374014e+02   3.2133650e+28
   1.0590184e+16   2.8309235e+02   3.1603554e+28
   1.0614362e+16   2.8244751e+02   3.1081900e+28
   1.0638540e+16   2.8180560e+02   3.0568559e+28
   1.0662718e+16   2.8116659e+02   3.0063404e+28
   1.0686896e+16   2.8053049e+02   2.9566312e+28
   1.0711074e+16   2.7989725e+02   2.9077159e+28
   1.0735251e+16   2.7926686e+02   2.8595825e+28
   1.0759429e+16   2.7863931e+02   2.8122190e+28
   1.0783607e+16   2.7801457e+02   2.7656138e+28
   1.0807785e+16   2.7739263e+02   2.7197551e+28
   1.0831963e+16   2.7677346e+02   2.6746315e+28
   1.0856141e+16   2.7615706e+02   2.6302319e+28
   1.0880319e+16   2.7554339e+02   2.5865451e+28
   1.0904497e+16   2.7493244e+02   2.5435602e+28
   1.0928675e+16   2.7432420e+02   2.5012664e+28
   1.0952853e+16   2.7371864e+02   2.4596530e+28
   1.0977031e+16   2.7311575e+02   2.4187097e+28
   1.1001209e+16   2.7251551e+02   2.3784260e+28
   1.1025387e+16   2.7191790e+02   2.3387918e+28
   1.1049565e+16   2.7132290e+02   2.2997971e+28
   1.1073743e+16   2.7073051e+02   2.2614320e+28
   1.1097921e+16   2.7014069e+02   2.2236868e+28
   1.1122099e+16   2.6955344e+02   2.1865519e+28
   1.1146277e+16   2.6896874e+02   2.1500177e+28
   1.1170455e+16   2.6838657e+02   2.1140751e+28
   1.1194632e+16   2.6780692e+02   2.0787147e+28
   1.1218810e+16   2.6722976e+02   2.0439277e+28
   1.1242988e+16   2.6665508e+02   2.0097050e+28
   1.1267166e+16   2.6608287e+02   1.9760379e+28
   1.1291344e+16   2.6551312e+02   1.9429177e+28
   1.1315522e+16   2.6494579e+02   1.9103359e+28
   1.1339700e+16   2.6438089e+02   1.8782840e+28
   1.1363878e+16   2.6381839e+02   1.8467539e+28
   1.1388056e+16   2.6325827e+02   1.8157373e+28
   1.1412234e+16   2.6270054e+02   1.7852263e+28
   1.1436412e+16   2.6214516e+02   1.7552128e+28
   1.1460590e+16   2.6159212e+02   1.7256892e+28
   1.1484768e+16   2.6104141e+02   1.6966477e+28
   1.1508946e+16   2.6049301e+02   1.6680807e+28
   1.1533124e+16   2.5994692e+02   1.6399808e+28
   1.1557302e+16   2.5940311e+02   1.6123406e+28
   1.1581480e+16   2.5886157e+02   1.5851529e+28
   1.1605658e+16   2.5832228e+02   1.5584107e+28
   1.1629836e+16   2.5778524e+02   1.5321067e+28
   1.1654014e+16   2.5725043e+02   1.5062342e+28
   1.1678191e+16   2.5671783e+02   1.4807863e+28
   1.1702369e+16   2.5618743e+02   1.4557564e+28
   1.1726547e+16   2.5565922e+02   1.4311377e+28
   1.1750725e+16   2.5513319e+02   1.4069238e+28
   1.1774903e+16   2.5460931e+02   1.3831083e+28
   1.1799081e+16   2.5408758e+02   1.3596848e+28
   1.1823259e+16   2.5356798e+02   1.3366472e+28
   1.1847437e+16   2.5305051e+02   1.3139892e+28
   1.1871615e+16   2.5253514e+02   1.2917050e+28
   1.1895793e+16   2.5202187e+02   1.2697884e+28
   1.1919971e+16   2.5151068e+02   1.2482337e+28
   1.1944149e+16   2.5100156e+02   1.2270351e+28
   1.1968327e+16   2.5049450e+02   1.2061870e+28
   1.1992505e+16   2.4998948e+02   1.1856836e+28
   1.2016683e+16   2.4948649e+02   1.1655196e+28
   1.2040861e+16   2.4898552e+02   1.1456895e+28
   1.2065039e+16   2.4848656e+02   1.1261879e+28
   1.2089217e+16   2.4798960e+02   1.1070097e+28
   1.2113395e+16   2.4749462e+02   1.0881495e+28
   1.2137573e+16   2.4700161e+02   1.0696024e+28
   1.2161750e+16   2.4651057e+02   1.0513633e+28
   1.2185928e+16   2.4602147e+02   1.0334272e+28
   1.2210106e+16   2.4553431e+02   1.0157893e+28
   1.2234284e+16   2.4504907e+02   9.9844483e+27
   1.2258462e+16   2.4456575e+02   9.8138901e+27
   1.2282640e+16   2.4408433e+02   9.6461721e+27
   1.2306818e+16   2.4360480e+02   9.4812485e+27
   1.2330996e+16   2.4312715e+02   9.3190743e+27
   1.2355174e+16   2.4265138e+02   9.1596052e+27
   1.2379352e+16   2.4217746e+02   9.0027974e+27
   1.2403530e+16   2.4170539e+02   8.8486080e+27
   1.2427708e+16   2.4123515e+02   8.6969945e+27
   1.2451886e+16   2.4076674e+02   8.5479154e+27
   1.2476064e+16   2.4030015e+02   8.4013296e+27
   1.2500242e+16   2.3983536e+02   8.2571967e+27
   1.2524420e+16   2.3937237e+02   8.1154769e+27
   1.2548598e+16   2.3891116e+02   7.9761311e+27
   1.2572776e+16   2.3845172e+02   7.8391206e+27
   1.2596954e+16   2.3799405e+02   7.7044077e+27
   1.2621132e+16   2.3753813e+02   7.5719549e+27
   1.2645309e+16   2.3708396e+02   7.4417254e+27
   1.2669487e+16   2.3663151e+02   7.3136830e+27
   1.2693665e+16   2.3618080e+02   7.1877922e+27
   1.2717843e+16   2.3573179e+02   7.0640178e+27
   1.2742021e+16   2.3528449e+02   6.9423253e+27
   1.2766199e+16   2.3483889e+02   6.8226808e+27
   1.2790377e+16   2.3439496e+02   6.7050507e+27
   1.2814555e+16   2.3395272e+02   6.5894022e+27
   1.2838733e+16   2.3351214e+02   6.4757029e+27
   1.2862911e+16   2.3307321e+02   6.3639208e+27
   1.2887089e+16   2.3263594e+02   6.2540245e+27
   1.2911267e+16   2.3220030e+02   6.1459832e+27
   1.2935445e+16   2.3176628e+02   6.0397665e+27
   1.2959623e+16   2.3133389e+02   5.9353443e+27
   1.2983801e+16   2.3090311e+02   5.8326873e+27
   1.3007979e+16   2.3047393e+02   5.7317664e+27
   1.3032157e+16   2.3004634e+02   5.6325531e+27
   1.3056335e+16   2.2962034e+02   5.5350194e+27
   1.3080513e+16   2.2919591e+02   5.4391375e+27
   1.3104691e+16   2.2877305e+02   5.3448803e+27
   1.3128868e+16   2.2835174e+02   5.2522210e+27
   1.3153046e+16   2.2793199e+02   5.1611332e+27
   1.3177224e+16   2.2751377e+02   5.0715911e+27
   1.3201402e+16   2.2709709e+02   4.9835691e+27
   1.3225580e+16   2.2668193e+02   4.8970421e+27
   1.3249758e+16   2.2626828e+02   4.8119854e+27
   1.3273936e+16   2.2585614e+02   4.7283747e+27
   1.3298114e+16   2.2544550e+02   4.6461860e+27
   1.3322292e+16   2.2503635e+02   4.5653959e+27
   1.3346470e+16   2.2462868e+02   4.4859811e+27
   1.3370648e+16   2.2422249e+02   4.4079189e+27
   1.3394826e+16   2.2381777e+02   4.3311867e+27
   1.3419004e+16   2.2341450e+02   4.2557626e+27
   1.3443182e+16   2.2301268e+02   4.1816249e+27
   1.3467360e+16   2.2261230e+02   4.1087521e+27
   1.3491538e+16   2.2221337e+02   4.0371232e+27
   1.3515716e+16   2.2181585e+02   3.9667176e+27
   1.3539894e+16   2.2141976e+02   3.8975148e+27
   1.3564072e+16   2.2102508e+02   3.8294949e+27
   1.3588250e+16   2.2063180e+02   3.7626381e+27
   1.3612427e+16   2.2023992e+02   3.6969251e+27
   1.3636605e+16   2.1984944e+02   3.6323368e+27
   1.3660783e+16   2.1946033e+02   3.5688544e+27
   1.3684961e+16   2.1907260e+02   3.5064594e+27
   1.3709139e+16   2.1868623e+02   3.4451337e+27
   1.3733317e+16   2.1830123e+02   3.3848594e+27
   1.3757495e+16   2.1791758e+02   3.3256189e+27
   1.3781673e+16   2.1753527e+02   3.2673950e+27
   1.3805851e+16   2.1715431e+02   3.2101706e+27
   1.3830029e+16   2.1677467e+02   3.1539289e+27
   1.3854207e+16   2.1639636e+02   3.0986535e+27
   1.3878385e+16   2.1601937e+02   3.0443282e+27
   1.3902563e+16   2.1564369e+02   2.9909370e+27
   1.3926741e+16   2.1526932e+02   2.9384644e+27
   1.3950919e+16   2.1489624e+02   2.8868947e+27
   1.3975097e+16   2.1452445e+02   2.8362129e+27
   1.3999275e+16   2.1415395e+02   2.7864041e+27
   1.4023453e+16   2.1378473e+02   2.7374535e+27
   1.4047631e+16   2.1341677e+02   2.6893467e+27
   1.4071809e+16   2.1305009e+02   2.6420696e+27
   1.4095986e+16   2.1268465e+02   2.5956080e+27
   1.4120164e+16   2.1232047e+02   2.5499484e+27
   1.4144342e+16   2.1195754e+02   2.5050771e+27
   1.4168520e+16   2.1159584e+02   2.4609808e+27
   1.4192698e+16   2.1123538e+02   2.4176466e+27
   1.4216876e+16   2.1087614e+02   2.3750614e+27
   1.4241054e+16   2.1051812e+02   2.3332127e+27
   1.4265232e+16   2.1016132e+02   2.2920880e+27
   1.4289410e+16   2.0980572e+02   2.2516750e+27
   1.4313588e+16   2.0945133e+02   2.2119617e+27
   1.4337766e+16   2.0909813e+02   2.1729363e+27
   1.4361944e+16   2.0874612e+02   2.1345871e+27
   1.4386122e+16   2.0839529e+02   2.0969027e+27
   1.4410300e+16   2.0804564e+02   2.0598717e+27
   1.4434478e+16   2.0769716e+02   2.0234832e+27
   1.4458656e+16   2.0734984e+02   1.9877261e+27
   1.4482834e+16   2.0700369e+02   1.9525898e+27
   1.4507012e+16   2.0665869e+02   1.9180637e+27
   1.4531190e+16   2.0631484e+02   1.8841375e+27
   1.4555368e+16   2.0597213e+02   1.8508009e+27
   1.4579545e+16   2.0563055e+02   1.8180440e+27
   1.4603723e+16   2.0529011e+02   1.7858568e+27
   1.4627901e+16   2.0495079e+02   1.7542297e+27
   1.4652079e+16   2.0461260e+02   1.7231531e+27
   1.4676257e+16   2.0427551e+02   1.6926177e+27
   1.4700435e+16   2.0393954e+02   1.6626141e+27
   1.4724613e+16   2.0360467e+02   1.6331334e+27
   1.4748791e+16   2.0327090e+02   1.6041666e+27
   1.4772969e+16   2.0293822e+02   1.5757049e+27
   1.4797147e+16   2.0260662e+02   1.5477398e+27
   1.4821325e+16   2.0227611e+02   1.5202627e+27
   1.4845503e+16   2.0194668e+02   1.4932653e+27
   1.4869681e+16   2.0161832e+02   1.4667393e+27
   1.4893859e+16   2.0129102e+02   1.4406768e+27
   1.4918037e+16   2.0096478e+02   1.4150698e+27
   1.4942215e+16   2.0063960e+02   1.3899104e+27
   1.4966393e+16   2.0031547e+02   1.3651910e+27
   1.4990571e+16   1.9999239e+02   1.3409041e+27
   1.5014749e+16   1.9967034e+02   1.3170423e+27
   1.5038926e+16   1.9934934e+02   1.2935982e+27
   1.5063104e+16   1.9902936e+02   1.2705647e+27
   1.5087282e+16   1.9871041e+02   1.2479348e+27
   1.5111460e+16   1.9839247e+02   1.2257014e+27
   1.5135638e+16   1.9807556e+02   1.2038579e+27
   1.5159816e+16   1.9775965e+02   1.1823974e+27
   1.5183994e+16   1.9744475e+02   1.1613135e+27
   1.5208172e+16   1.9713086e+02   1.1405995e+27
   1.5232350e+16   1.9681796e+02   1.1202492e+27
   1.5256528e+16   1.9650605e+02   1.1002563e+27
   1.5280706e+16   1.9619512e+02   1.0806147e+27
   1.5304884e+16   1.9588518e+02   1.0613182e+27
   1.5329062e+16   1.9557622e+02   1.0423609e+27
   1.5353240e+16   1.9526823e+02   1.0237371e+27
   1.5377418e+16   1.9496121e+02   1.0054408e+27
   1.5401596e+16   1.9465515e+02   9.8746651e+26
   1.5425774e+16   1.9435006e+02   9.6980862e+26
   1.5449952e+16   1.9404591e+02   9.5246168e+26
   1.5474130e+16   1.9374272e+02   9.3542030e+26
   1.5498308e+16   1.9344048e+02   9.1867920e+26
   1.5522485e+16   1.9313917e+02   9.0223319e+26
   1.5546663e+16   1.9283880e+02   8.8607716e+26
   1.5570841e+16   1.9253937e+02   8.7020609e+26
   1.5595019e+16   1.9224086e+02   8.5461504e+26
   1.5619197e+16   1.9194328e+02   8.3929917e+26
   1.5643375e+16   1.9164662e+02   8.2425370e+26
   1.5667553e+16   1.9135087e+02   8.0947394e+26
   1.5691731e+16   1.9105604e+02   7.9495529e+26
   1.5715909e+16   1.9076211e+02   7.8069322e+26
   1.5740087e+16   1.9046909e+02   7.6668327e+26
   1.5764265e+16   1.9017696e+02   7.5292106e+26
   1.5788443e+16   1.8988573e+02   7.3940229e+26
   1.5812621e+16   1.8959539e+02   7.2612272e+26
   1.5836799e+16   1.8930593e+02   7.1307821e+26
   1.5860977e+16   1.8901736e+02   7.0026465e+26
   1.5885155e+16   1.8872967e+02   6.8767804e+26
   1.5909333e+16   1.8844285e+02   6.7531442e+26
   1.5933511e+16   1.8815690e+02   6.6316991e+26
   1.5957689e+16   1.8787182e+02   6.5124069e+26
   1.5981867e+16   1.8758760e+02   6.3952301e+26
   1.6006044e+16   1.8730424e+02   6.2801319e+26
   1.6030222e+16   1.8702173e+02   6.1670760e+26
   1.6054400e+16   1.8674008e+02   6.0560267e+26
   1.6078578e+16   1.8645927e+02   5.9469490e+26
   1.6102756e+16   1.8617931e+02   5.8398086e+26
   1.6126934e+16   1.8590018e+02   5.7345716e+26
   1.6151112e+16   1.8562189e+02   5.6312047e+26
   1.6175290e+16   1.8534443e+02   5.5296753e+26
   1.6199468e+16   1.8506780e+02   5.4299512e+26
   1.6223646e+16   1.8479200e+02   5.3320009e+26
   1.6247824e+16   1.8451702e+02   5.2357933e+26
   1.6272002e+16   1.8424285e+02   5.1412979e+26
   1.6296180e+16   1.8396950e+02   5.0484848e+26
   1.6320358e+16   1.8369695e+02   4.9573245e+26
   1.6344536e+16   1.8342522e+02   4.8677880e+26
   1.6368714e+16   1.8315428e+02   4.7798469e+26
   1.6392892e+16   1.8288415e+02   4.6934732e+26
   1.6417070e+16   1.8261481e+02   4.6086393e+26
   1.6441248e+16   1.8234626e+02   4.5253184e+26
   1.6465426e+16   1.8207850e+02   4.4434839e+26
   1.6489603e+16   1.8181153e+02   4.3631096e+26
   1.6513781e+16   1.8154534e+02   4.2841699e+26
   1.6537959e+16   1.8127992e+02   4.2066396e+26
   1.6562137e+16   1.8101528e+02   4.1304939e+26
   1.6586315e+16   1.8075142e+02   4.0557085e+26
   1.6610493e+16   1.8048832e+02   3.9822595e+26
   1.6634671e+16   1.8022599e+02   3.9101233e+26
   1.6658849e+16   1.7996441e+02   3.8392769e+26
   1.6683027e+16   1.7970360e+02   3.7696976e+26
   1.6707205e+16   1.7944354e+02   3.7013629e+26
   1.6731383e+16   1.7918423e+02   3.6342511e+26
   1.6755561e+16   1.7892567e+02   3.5683406e+26
   1.6779739e+16   1.7866786e+02   3.5036101e+26
   1.6803917e+16   1.7841079e+02   3.4400389e+26
   1.6828095e+16   1.7815445e+02   3.3776065e+26
   1.6852273e+16   1.7789885e+02   3.3162929e+26
   1.6876451e+16   1.7764399e+02   3.2560782e+26
   1.6900629e+16   1.7738985e+02   3.1969432e+26
   1.6924807e+16   1.7713644e+02   3.1388686e+26
   1.6948985e+16   1.7688375e+02   3.0818358e+26
   1.6973162e+16   1.7663179e+02   3.0258264e+26
   1.6997340e+16   1.7638054e+02   2.9708223e+26
   1.7021518e+16   1.7613000e+02   2.9168056e+26
   1.7045696e+16   1.7588017e+02   2.8637590e+26
   1.7069874e+16   1.7563105e+02   2.8116653e+26
   1.7094052e+16   1.7538264e+02   2.7605075e+26
   1.7118230e+16   1.7513493e+02   2.7102691e+26
   1.7142408e+16   1.7488791e+02   2.6609339e+26
   1.7166586e+16   1.7464160e+02   2.6124859e+26
   1.7190764e+16   1.7439597e+02   2.5649092e+26
   1.7214942e+16   1.7415104e+02   2.5181885e+26
   1.7239120e+16   1.7390679e+02   2.4723085e+26
   1.7263298e+16   1.7366323e+02   2.4272545e+26
   1.7287476e+16   1.7342034e+02   2.3830116e+26
   1.7311654e+16   1.7317814e+02   2.3395656e+26
   1.7335832e+16   1.7293661e+02   2.2969022e+26
   1.7360010e+16   1.7269576e+02   2.2550075e+26
   1.7384188e+16   1.7245557e+02   2.2138680e+26
   1.7408366e+16   1.7221605e+02   2.1734701e+26
   1.7432544e+16   1.7197720e+02   2.1338008e+26
   1.7456721e+16   1.7173901e+02   2.0948469e+26
   1.7480899e+16   1.7150147e+02   2.0565959e+26
   1.7505077e+16   1.7126460e+02   2.0190352e+26
   1.7529255e+16   1.7102837e+02   1.9821525e+26
   1.7553433e+16   1.7079280e+02   1.9459357e+26
   1.7577611e+16   1.7055787e+02   1.9103731e+26
   1.7601789e+16   1.7032359e+02   1.8754528e+26
   1.7625967e+16   1.7008996e+02   1.8411636e+26
   1.7650145e+16   1.6985696e+02   1.8074940e+26
   1.7674323e+16   1.6962460e+02   1.7744332e+26
   1.7698501e+16   1.6939288e+02   1.7419702e+26
   1.7722679e+16   1.6916178e+02   1.7100943e+26
   1.7746857e+16   1.6893132e+02   1.6787952e+26
   1.7771035e+16   1.6870149e+02   1.6480624e+26
   1.7795213e+16   1.6847228e+02   1.6178859e+26
   1.7819391e+16   1.6824369e+02   1.5882557e+26
   1.7843569e+16   1.6801572e+02   1.5591622e+26
   1.7867747e+16   1.6778837e+02   1.5305956e+26
   1.7891925e+16   1.6756163e+02   1.5025465e+26
   1.7916103e+16   1.6733550e+02   1.4750058e+26
   1.7940280e+16   1.6710999e+02   1.4479643e+26
   1.7964458e+16   1.6688508e+02   1.4214131e+26
   1.7988636e+16   1.6666077e+02   1.3953434e+26
   1.8012814e+16   1.6643707e+02   1.3697466e+26
   1.8036992e+16   1.6621396e+02   1.3446142e+26
   1.8061170e+16   1.6599146e+02   1.3199380e+26
   1.8085348e+16   1.6576955e+02   1.2957096e+26
   1.8109526e+16   1.6554823e+02   1.2719212e+26
   1.8133704e+16   1.6532750e+02   1.2485648e+26
   1.8157882e+16   1.6510736e+02   1.2256326e+26
   1.8182060e+16   1.6488781e+02   1.2031171e+26
   1.8206238e+16   1.6466884e+02   1.1810108e+26
   1.8230416e+16   1.6445044e+02   1.1593064e+26
   1.8254594e+16   1.6423263e+02   1.1379966e+26
   1.8278772e+16   1.6401540e+02   1.1170743e+26
   1.8302950e+16   1.6379873e+02   1.0965326e+26
   1.8327128e+16   1.6358264e+02   1.0763647e+26
   1.8351306e+16   1.6336712e+02   1.0565637e+26
   1.8375484e+16   1.6315217e+02   1.0371233e+26
   1.8399662e+16   1.6293778e+02   1.0180367e+26
   1.8423839e+16   1.6272395e+02   9.9929778e+25
   1.8448017e+16   1.6251069e+02   9.8090016e+25
   1.8472195e+16   1.6229798e+02   9.6283774e+25
   1.8496373e+16   1.6208583e+02   9.4510447e+25
   1.8520551e+16   1.6187423e+02   9.2769444e+25
   1.8544729e+16   1.6166319e+02   9.1060181e+25
   1.8568907e+16   1.6145269e+02   8.9382088e+25
   1.8593085e+16   1.6124274e+02   8.7734602e+25
   1.8617263e+16   1.6103334e+02   8.6117172e+25
   1.8641441e+16   1.6082448e+02   8.4529257e+25
   1.8665619e+16   1.6061616e+02   8.2970324e+25
   1.8689797e+16   1.6040838e+02   8.1439850e+25
   1.8713975e+16   1.6020113e+02   7.9937322e+25
   1.8738153e+16   1.5999443e+02   7.8462235e+25
   1.8762331e+16   1.5978825e+02   7.7014095e+25
   1.8786509e+16   1.5958261e+02   7.5592414e+25
   1.8810687e+16   1.5937749e+02   7.4196716e+25
   1.8834865e+16   1.5917290e+02   7.2826530e+25
   1.8859043e+16   1.5896883e+02   7.1481395e+25
   1.8883221e+16   1.5876529e+02   7.0160859e+25
   1.8907398e+16   1.5856227e+02   6.8864478e+25
   1.8931576e+16   1.5835977e+02   6.7591814e+25
   1.8955754e+16   1.5815778e+02   6.6342439e+25
   1.8979932e+16   1.5795631e+02   6.5115930e+25
   1.9004110e+16   1.5775535e+02   6.3911875e+25
   1.9028288e+16   1.5755490e+02   6.2729867e+25
   1.9052466e+16   1.5735496e+02   6.1569507e+25
   1.9076644e+16   1.5715552e+02   6.0430403e+25
   1.9100822e+16   1.5695660e+02   5.9312169e+25
   1.9125000e+16   1.5675817e+02   5.8214428e+25
   1.9149178e+16   1.5656025e+02   5.7136809e+25
   1.9173356e+16   1.5636282e+02   5.6078946e+25
   1.9197534e+16   1.5616589e+02   5.5040482e+25
   1.9221712e+16   1.5596946e+02   5.4021064e+25
   1.9245890e+16   1.5577352e+02   5.3020347e+25
   1.9270068e+16   1.5557807e+02   5.2037992e+25
   1.9294246e+16   1.5538312e+02   5.1073666e+25
   1.9318424e+16   1.5518865e+02   5.0127041e+25
   1.9342602e+16   1.5499466e+02   4.9197797e+25
   1.9366779e+16   1.5480116e+02   4.8285616e+25
   1.9390957e+16   1.5460815e+02   4.7390190e+25
   1.9415135e+16   1.5441561e+02   4.6511214e+25
   1.9439313e+16   1.5422355e+02   4.5648389e+25
   1.9463491e+16   1.5403197e+02   4.4801421e+25
   1.9487669e+16   1.5384087e+02   4.3970023e+25
   1.9511847e+16   1.5365024e+02   4.3153910e+25
   1.9536025e+16   1.5346008e+02   4.2352806e+25
   1.9560203e+16   1.5327039e+02   4.1566436e+25
   1.9584381e+16   1.5308117e+02   4.0794533e+25
   1.9608559e+16   1.5289242e+02   4.0036833e+25
   1.9632737e+16   1.5270413e+02   3.9293078e+25
   1.9656915e+16   1.5251630e+02   3.8563014e+25
   1.9681093e+16   1.5232894e+02   3.7846392e+25
   1.9705271e+16   1.5214204e+02   3.7142966e+25
   1.9729449e+16   1.5195559e+02   3.6452496e+25
   1.9753627e+16   1.5176960e+02   3.5774746e+25
   1.9777805e+16   1.5158406e+02   3.5109484e+25
   1.9801983e+16   1.5139898e+02   3.4456482e+25
   1.9826161e+16   1.5121435e+02   3.3815517e+25
   1.9850338e+16   1.5103017e+02   3.3186369e+25
   1.9874516e+16   1.5084644e+02   3.2568823e+25
   1.9898694e+16   1.5066315e+02   3.1962666e+25
   1.9922872e+16   1.5048031e+02   3.1367691e+25
   1.9947050e+16   1.5029791e+02   3.0783694e+25
   1.9971228e+16   1.5011596e+02   3.0210474e+25
   1.9995406e+16   1.4993444e+02   2.9647833e+25
   2.0019584e+16   1.4975336e+02   2.9095580e+25
   2.0043762e+16   1.4957272e+02   2.8553524e+25
   2.0067940e+16   1.4939251e+02   2.8021479e+25
   2.0092118e+16   1.4921274e+02   2.7499261e+25
   2.0116296e+16   1.4903340e+02   2.6986691e+25
   2.0140474e+16   1.4885449e+02   2.6483593e+25
   2.0164652e+16   1.4867601e+02   2.5989793e+25
   2.0188830e+16   1.4849796e+02   2.5505120e+25
   2.0213008e+16   1.4832033e+02   2.5029409e+25
   2.0237186e+16   1.4814313e+02   2.4562495e+25
   2.0261364e+16   1.4796635e+02   2.4104216e+25
   2.0285542e+16   1.4778999e+02   2.3654415e+25
   2.0309720e+16   1.4761405e+02   2.3212937e+25
   2.0333897e+16   1.4743853e+02   2.2779628e+25
   2.0358075e+16   1.4726343e+02   2.2354339e+25
   2.0382253e+16   1.4708874e+02   2.1936924e+25
   2.0406431e+16   1.4691447e+02   2.1527237e+25
   2.0430609e+16   1.4674061e+02   2.1125138e+25
   2.0454787e+16   1.4656716e+02   2.0730486e+25
   2.0478965e+16   1.4639412e+02   2.0343145e+25
   2.0503143e+16   1.4622148e+02   1.9962982e+25
   2.0527321e+16   1.4604926e+02   1.9589864e+25
   2.0551499e+16   1.4587744e+02   1.9223662e+25
   2.0575677e+16   1.4570602e+02   1.8864249e+25
   2.0599855e+16   1.4553501e+02   1.8511500e+25
   2.0624033e+16   1.4536439e+02   1.8165294e+25
   2.0648211e+16   1.4519418e+02   1.7825509e+25
   2.0672389e+16   1.4502436e+02   1.7492028e+25
   2.0696567e+16   1.4485494e+02   1.7164735e+25
   2.0720745e+16   1.4468592e+02   1.6843516e+25
   2.0744923e+16   1.4451729e+02   1.6528260e+25
   2.0769101e+16   1.4434905e+02   1.6218856e+25
   2.0793279e+16   1.4418121e+02   1.5915198e+25
   2.0817456e+16   1.4401375e+02   1.5617179e+25
   2.0841634e+16   1.4384668e+02   1.5324695e+25
   2.0865812e+16   1.4368000e+02   1.5037646e+25
   2.0889990e+16   1.4351371e+02   1.4755930e+25
   2.0914168e+16   1.4334780e+02   1.4479450e+25
   2.0938346e+16   1.4318227e+02   1.4208109e+25
   2.0962524e+16   1.4301713e+02   1.3941813e+25
   2.0986702e+16   1.4285236e+02   1.3680468e+25
   2.1010880e+16   1.4268798e+02   1.3423983e+25
   2.1035058e+16   1.4252397e+02   1.3172270e+25
   2.1059236e+16   1.4236034e+02   1.2925239e+25
   2.1083414e+16   1.4219708e+02   1.2682804e+25
   2.1107592e+16   1.4203420e+02   1.2444881e+25
   2.1131770e+16   1.4187169e+02   1.2211387e+25
   2.1155948e+16   1.4170956e+02   1.1982240e+25
   2.1180126e+16   1.4154779e+02   1.1757359e+25
   2.1204304e+16   1.4138639e+02   1.1536666e+25
   2.1228482e+16   1.4122536e+02   1.1320083e+25
   2.1252660e+16   1.4106470e+02   1.1107535e+25
   2.1276838e+16   1.4090440e+02   1.0898948e+25
   2.1301015e+16   1.4074446e+02   1.0694247e+25
   2.1325193e+16   1.4058489e+02   1.0493361e+25
   2.1349371e+16   1.4042568e+02   1.0296221e+25
   2.1373549e+16   1.4026683e+02   1.0102755e+25
   2.1397727e+16   1.4010834e+02   9.9128976e+24
   2.1421905e+16   1.3995020e+02   9.7265808e+24
   2.1446083e+16   1.3979243e+02   9.5437395e+24
   2.1470261e+16   1.3963500e+02   9.3643093e+24
   2.1494439e+16   1.3947794e+02   9.1882271e+24
   2.1518617e+16   1.3932122e+02   9.0154310e+24
   2.1542795e+16   1.3916486e+02   8.8458603e+24
   2.1566973e+16   1.3900885e+02   8.6794552e+24
   2.1591151e+16   1.3885318e+02   8.5161571e+24
   2.1615329e+16   1.3869787e+02   8.3559085e+24
   2.1639507e+16   1.3854290e+02   8.1986529e+24
   2.1663685e+16   1.3838828e+02   8.0443349e+24
   2.1687863e+16   1.3823400e+02   7.8929001e+24
   2.1712041e+16   1.3808007e+02   7.7442951e+24
   2.1736219e+16   1.3792647e+02   7.5984674e+24
   2.1760397e+16   1.3777322e+02   7.4553656e+24
   2.1784574e+16   1.3762031e+02   7.3149391e+24
   2.1808752e+16   1.3746774e+02   7.1771383e+24
   2.1832930e+16   1.3731551e+02   7.0419145e+24
   2.1857108e+16   1.3716362e+02   6.9092200e+24
   2.1881286e+16   1.3701206e+02   6.7790078e+24
   2.1905464e+16   1.3686083e+02   6.6512319e+24
   2.1929642e+16   1.3670994e+02   6.5258470e+24
   2.1953820e+16   1.3655938e+02   6.4028088e+24
   2.1977998e+16   1.3640915e+02   6.2820736e+24
   2.2002176e+16   1.3625925e+02   6.1635989e+24
   2.2026354e+16   1.3610968e+02   6.0473425e+24
   2.2050532e+16   1.3596044e+02   5.9332633e+24
   2.2074710e+16   1.3581152e+02   5.8213208e+24
   2.2098888e+16   1.3566294e+02   5.7114753e+24
   2.2123066e+16   1.3551467e+02   5.6036879e+24
   2.2147244e+16   1.3536673e+02   5.4979203e+24
   2.2171422e+16   1.3521911e+02   5.3941350e+24
   2.2195600e+16   1.3507182e+02   5.2922951e+24
   2.2219778e+16   1.3492484e+02   5.1923644e+24
   2.2243956e+16   1.3477819e+02   5.0943074e+24
   2.2268133e+16   1.3463185e+02   4.9980893e+24
   2.2292311e+16   1.3448583e+02   4.9036758e+24
   2.2316489e+16   1.3434013e+02   4.8110334e+24
   2.2340667e+16   1.3419474e+02   4.7201291e+24
   2.2364845e+16   1.3404966e+02   4.6309305e+24
   2.2389023e+16   1.3390490e+02   4.5434060e+24
   2.2413201e+16   1.3376046e+02   4.4575243e+24
   2.2437379e+16   1.3361632e+02   4.3732548e+24
   2.2461557e+16   1.3347249e+02   4.2905675e+24
   2.2485735e+16   1.3332897e+02   4.2094329e+24
   2.2509913e+16   1.3318577e+02   4.1298221e+24
   2.2534091e+16   1.3304286e+02   4.0517067e+24
   2.2558269e+16   1.3290027e+02   3.9750588e+24
   2.2582447e+16   1.3275798e+02   3.8998510e+24
   2.2606625e+16   1.3261599e+02   3.8260566e+24
   2.2630803e+16   1.3247431e+02   3.7536491e+24
   2.2654981e+16   1.3233293e+02   3.6826027e+24
   2.2679159e+16   1.3219185e+02   3.6128919e+24
   2.2703337e+16   1.3205108e+02   3.5444920e+24
   2.2727515e+16   1.3191060e+02   3.4773783e+24
   2.2751692e+16   1.3177042e+02   3.4115269e+24
   2.2775870e+16   1.3163053e+02   3.3469143e+24
   2.2800048e+16   1.3149095e+02   3.2835172e+24
   2.2824226e+16   1.3135166e+02   3.2213131e+24
   2.2848404e+16   1.3121266e+02   3.1602796e+24
   2.2872582e+16   1.3107396e+02   3.1003949e+24
   2.2896760e+16   1.3093556e+02   3.0416374e+24
   2.2920938e+16   1.3079744e+02   2.9839862e+24
   2.2945116e+16   1.3065961e+02   2.9274206e+24
   2.2969294e+16   1.3052208e+02   2.8719202e+24
   2.2993472e+16   1.3038483e+02   2.8174652e+24
   2.3017650e+16   1.3024788e+02   2.7640360e+24
   2.3041828e+16   1.3011121e+02   2.7116134e+24
   2.3066006e+16   1.2997482e+02   2.6601786e+24
   2.3090184e+16   1.2983872e+02   2.6097132e+24
   2.3114362e+16   1.2970291e+02   2.5601989e+24
   2.3138540e+16   1.2956738e+02   2.5116180e+24
   2.3162718e+16   1.2943214e+02   2.4639531e+24
   2.3186896e+16   1.2929717e+02   2.4171869e+24
   2.3211074e+16   1.2916249e+02   2.3713027e+24
   2.3235251e+16   1.2902809e+02   2.3262839e+24
   2.3259429e+16   1.2889396e+02   2.2821143e+24
   2.3283607e+16   1.2876012e+02   2.2387781e+24
   2.3307785e+16   1.2862655e+02   2.1962596e+24
   2.3331963e+16   1.2849326e+02   2.1545435e+24
   2.3356141e+16   1.2836024e+02   2.1136147e+24
   2.3380319e+16   1.2822751e+02   2.0734586e+24
   2.3404497e+16   1.2809504e+02   2.0340606e+24
   2.3428675e+16   1.2796285e+02   1.9954065e+24
   2.3452853e+16   1.2783093e+02   1.9574823e+24
   2.3477031e+16   1.2769928e+02   1.9202745e+24
   2.3501209e+16   1.2756791e+02   1.8837695e+24
   2.3525387e+16   1.2743680e+02   1.8479541e+24
   2.3549565e+16   1.2730596e+02   1.8128154e+24
   2.3573743e+16   1.2717539e+02   1.7783408e+24
   2.3597921e+16   1.2704509e+02   1.7445178e+24
   2.3622099e+16   1.2691506e+02   1.7113340e+24
   2.3646277e+16   1.2678529e+02   1.6787776e+24
   2.3670455e+16   1.2665578e+02   1.6468368e+24
   2.3694632e+16   1.2652655e+02   1.6154999e+24
   2.3718810e+16   1.2639757e+02   1.5847557e+24
   2.3742988e+16   1.2626886e+02   1.5545931e+24
   2.3767166e+16   1.2614041e+02   1.5250010e+24
   2.3791344e+16   1.2601222e+02   1.4959688e+24
   2.3815522e+16   1.2588429e+02   1.4674859e+24
   2.3839700e+16   1.2575662e+02   1.4395421e+24
   2.3863878e+16   1.2562920e+02   1.4121271e+24
   2.3888056e+16   1.2550205e+02   1.3852312e+24
   2.3912234e+16   1.2537515e+02   1.3588444e+24
   2.3936412e+16   1.2524851e+02   1.3329572e+24
   2.3960590e+16   1.2512213e+02   1.3075603e+24
   2.3984768e+16   1.2499600e+02   1.2826443e+24
   2.4008946e+16   1.2487012e+02   1.2582004e+24
   2.4033124e+16   1.2474450e+02   1.2342194e+24
   2.4057302e+16   1.2461913e+02   1.2106929e+24
   2.4081480e+16   1.2449401e+02   1.1876122e+24
   2.4105658e+16   1.2436914e+02   1.1649688e+24
   2.4129836e+16   1.2424453e+02   1.1427547e+24
   2.4154014e+16   1.2412016e+02   1.1209616e+24
   2.4395793e+16   1.2289004e+02   9.2451819e+23
   2.4637573e+16   1.2168407e+02   7.6233464e+23
   2.4879352e+16   1.2050153e+02   6.2846783e+23
   2.5121132e+16   1.1934176e+02   5.1799951e+23
   2.5362911e+16   1.1820410e+02   4.2686071e+23
   2.5604691e+16   1.1708792e+02   3.5168605e+23
   2.5846470e+16   1.1599263e+02   2.8969286e+23
   2.6088250e+16   1.1491764e+02   2.3858088e+23
   2.6330029e+16   1.1386239e+02   1.9644915e+23
   2.6571809e+16   1.1282634e+02   1.6172710e+23
   2.6813588e+16   1.1180898e+02   1.3311743e+23
   2.7055368e+16   1.1080981e+02   1.0954888e+23
   2.7297147e+16   1.0982833e+02   9.0137015e+22
   2.7538926e+16   1.0886408e+02   7.4151834e+22
   2.7780706e+16   1.0791662e+02   6.0990947e+22
   2.8022485e+16   1.0698551e+02   5.0157382e+22
   2.8264265e+16   1.0607033e+02   4.1241224e+22
   2.8506044e+16   1.0517068e+02   3.3904442e+22
   2.8747824e+16   1.0428615e+02   2.7868345e+22
   2.8989603e+16   1.0341639e+02   2.2903213e+22
   2.9231383e+16   1.0256100e+02   1.8819729e+22
   2.9473162e+16   1.0171966e+02   1.5461909e+22
   2.9714942e+16   1.0089200e+02   1.2701257e+22
   2.9956721e+16   1.0007771e+02   1.0431942e+22
   3.0198501e+16   9.9276451e+01   8.5668167e+21
   3.0440280e+16   9.8487923e+01   7.0341336e+21
   3.0682060e+16   9.7711823e+01   5.7748343e+21
   3.0923839e+16   9.6947858e+01   4.7403145e+21
   3.1165619e+16   9.6195747e+01   3.8905804e+21
   3.1407398e+16   9.5455216e+01   3.1927296e+21
   3.1649178e+16   9.4725999e+01   2.6196982e+21
   3.1890957e+16   9.4007839e+01   2.1492285e+21
   3.2132737e+16   9.3300487e+01   1.7630190e+21
   3.2374516e+16   9.2603700e+01   1.4460232e+21
   3.2616296e+16   9.1917243e+01   1.1858730e+21
   3.2858075e+16   9.1240889e+01   9.7240362e+20
   3.3099855e+16   9.0574415e+01   7.9726216e+20
   3.3341634e+16   8.9917608e+01   6.5358594e+20
   3.3583414e+16   8.9270257e+01   5.3573736e+20
   3.3825193e+16   8.8632161e+01   4.3908598e+20
   3.4066973e+16   8.8003123e+01   3.5982914e+20
   3.4308752e+16   8.7382950e+01   2.9484439e+20
   3.4550532e+16   8.6771457e+01   2.4156827e+20
   3.4792311e+16   8.6168463e+01   1.9789647e+20
   3.5034091e+16   8.5573792e+01   1.6210185e+20
   3.5275870e+16   8.4987272e+01   1.3276706e+20
   3.5517650e+16   8.4408738e+01   1.0872908e+20
   3.5759429e+16   8.3838027e+01   8.9033770e+19
   3.6001209e+16   8.3274981e+01   7.2898409e+19
   3.6242988e+16   8.2719448e+01   5.9681011e+19
   3.6484768e+16   8.2171278e+01   4.8855077e+19
   3.6726547e+16   8.1630325e+01   3.9988878e+19
   3.6968327e+16   8.1096448e+01   3.2728436e+19
   3.7210106e+16   8.0569509e+01   2.6783564e+19
   3.7451886e+16   8.0049373e+01   2.1916394e+19
   3.7693665e+16   7.9535911e+01   1.7931968e+19
   3.7935445e+16   7.9028993e+01   1.4670518e+19
   3.8177224e+16   7.8528496e+01   1.2001129e+19
   3.8419004e+16   7.8034298e+01   9.8165392e+18
   3.8660783e+16   7.7546282e+01   8.0288777e+18
   3.8902563e+16   7.7064331e+01   6.5661665e+18
   3.9144342e+16   7.6588335e+01   5.3694527e+18
   3.9386122e+16   7.6118182e+01   4.3904566e+18
   3.9627901e+16   7.5653767e+01   3.5896438e+18
   3.9869681e+16   7.5194984e+01   2.9346443e+18
   4.0111460e+16   7.4741732e+01   2.3989569e+18
   4.0353240e+16   7.4293911e+01   1.9608878e+18
   4.0595019e+16   7.3851424e+01   1.6026798e+18
   4.0836799e+16   7.3414178e+01   1.3097999e+18
   4.1078578e+16   7.2982078e+01   1.0703546e+18
   4.1320358e+16   7.2555035e+01   8.7461182e+17
   4.1562137e+16   7.2132960e+01   7.1460882e+17
   4.1803917e+16   7.1715768e+01   5.8383098e+17
   4.2045696e+16   7.1303374e+01   4.7694908e+17
   4.2287476e+16   7.0895695e+01   3.8960398e+17
   4.2529255e+16   7.0492652e+01   3.1823037e+17
   4.2771035e+16   7.0094166e+01   2.5991245e+17
   4.3012814e+16   6.9700159e+01   2.1226584e+17
   4.3254594e+16   6.9310557e+01   1.7334092e+17
   4.3496373e+16   6.8925287e+01   1.4154363e+17
   4.3738153e+16   6.8544276e+01   1.1557082e+17
   4.3979932e+16   6.8167454e+01   9.4357193e+16
   4.4221712e+16   6.7794752e+01   7.7031988e+16
   4.4463491e+16   6.7426104e+01   6.2883515e+16
   4.4705271e+16   6.7061444e+01   5.1330138e+16
   4.4947050e+16   6.6700706e+01   4.1896552e+16
   4.5188830e+16   6.6343829e+01   3.4194377e+16
   4.5430609e+16   6.5990750e+01   2.7906280e+16
   4.5672389e+16   6.5641410e+01   2.2773005e+16
   4.5914168e+16   6.5295749e+01   1.8582759e+16
   4.6155948e+16   6.4953709e+01   1.5162533e+16
   4.6397727e+16   6.4615234e+01   1.2371016e+16
   4.6639507e+16   6.4280268e+01   1.0092791e+16
   4.6881286e+16   6.3948757e+01   8.2335998e+15
   4.7123066e+16   6.3620648e+01   6.7164701e+15
   4.7364845e+16   6.3295889e+01   5.4785489e+15
   4.7606625e+16   6.2974429e+01   4.4685167e+15
   4.7848404e+16   6.2656217e+01   3.6444741e+15
   4.8090184e+16   6.2341205e+01   2.9722153e+15
   4.8331963e+16   6.2029345e+01   2.4238170e+15
   4.8573743e+16   6.1720589e+01   1.9764862e+15
   4.8815522e+16   6.1414891e+01   1.6116191e+15
   4.9057302e+16   6.1112207e+01   1.3140320e+15
   4.9299081e+16   6.0812492e+01   1.0713332e+15
   4.9540861e+16   6.0515703e+01   8.7341091e+14
   4.9782640e+16   6.0221796e+01   7.1201354e+14
   5.0024420e+16   5.9930730e+01   5.8040845e+14
   5.0266199e+16   5.9642464e+01   4.7310252e+14
   5.0507979e+16   5.9356959e+01   3.8561426e+14
   5.0749758e+16   5.9074173e+01   3.1428772e+14
   5.0991538e+16   5.8794069e+01   2.5614062e+14
   5.1233317e+16   5.8516609e+01   2.0874037e+14
   5.1475097e+16   5.8241756e+01   1.7010285e+14
   5.1716876e+16   5.7969472e+01   1.3860984e+14
   5.1958656e+16   5.7699722e+01   1.1294165e+14
   5.2200435e+16   5.7432471e+01   9.2022055e+13
   5.2442215e+16   5.7167685e+01   7.4973486e+13
   5.2683994e+16   5.6905329e+01   6.1080367e+13
   5.2925774e+16   5.6645369e+01   4.9759262e+13
   5.3167553e+16   5.6387774e+01   4.0534495e+13
   5.3409333e+16   5.6132512e+01   3.3018271e+13
   5.3651112e+16   5.5879550e+01   2.6894460e+13
   5.3892892e+16   5.5628858e+01   2.1905362e+13
   5.4134671e+16   5.5380405e+01   1.7840923e+13
   5.4376451e+16   5.5134161e+01   1.4529935e+13
   5.4618230e+16   5.4890098e+01   1.1832859e+13
   5.4860010e+16   5.4648186e+01   9.6359712e+12
   5.5101789e+16   5.4408397e+01   7.8465963e+12
   5.5343569e+16   5.4170703e+01   6.3892119e+12
   5.5585348e+16   5.3935076e+01   5.2022786e+12
   5.5827128e+16   5.3701491e+01   4.2356534e+12
   5.6068907e+16   5.3469920e+01   3.4484814e+12
   5.6310687e+16   5.3240338e+01   2.8074769e+12
   5.6552466e+16   5.3012719e+01   2.2855223e+12
   5.6794246e+16   5.2787038e+01   1.8605266e+12
   5.7036025e+16   5.2563270e+01   1.5144942e+12
   5.7277805e+16   5.2341392e+01   1.2327664e+12
   5.7519584e+16   5.2121378e+01   1.0034034e+12
   5.7761364e+16   5.1903207e+01   8.1668038e+11
   5.8003143e+16   5.1686854e+01   6.6467687e+11
   5.8244923e+16   5.1472298e+01   5.4094244e+11
   5.8486702e+16   5.1259515e+01   4.4022403e+11
   5.8728482e+16   5.1048485e+01   3.5824388e+11
   5.8970261e+16   5.0839185e+01   2.9151861e+11
   5.9212041e+16   5.0631594e+01   2.3721187e+11
   5.9453820e+16   5.0425692e+01   1.9301422e+11
   5.9695600e+16   5.0221457e+01   1.5704536e+11
   5.9937379e+16   5.0018870e+01   1.2777442e+11
   6.0179159e+16   4.9817912e+01   1.0395512e+11
   6.0420938e+16   4.9618561e+01   8.4572890e+10
   6.0662718e+16   4.9420799e+01   6.8801811e+10
   6.0904497e+16   4.9224608e+01   5.5969590e+10
   6.1146277e+16   4.9029968e+01   4.5528995e+10
   6.1388056e+16   4.8836862e+01   3.7034613e+10
   6.1629836e+16   4.8645270e+01   3.0123920e+10
   6.1871615e+16   4.8455176e+01   2.4501869e+10
   6.2113395e+16   4.8266562e+01   1.9928340e+10
   6.2355174e+16   4.8079410e+01   1.6207921e+10
   6.2596954e+16   4.7893705e+01   1.3181594e+10
   6.2838733e+16   4.7709428e+01   1.0719958e+10
   6.3080513e+16   4.7526564e+01   8.7177193e+09
   6.3322292e+16   4.7345096e+01   7.0892035e+09
   6.3564072e+16   4.7165009e+01   5.7647022e+09
   6.3805851e+16   4.6986287e+01   4.6875002e+09
   6.4047631e+16   4.6808914e+01   3.8114553e+09
   6.4289410e+16   4.6632875e+01   3.0990284e+09
   6.4531190e+16   4.6458155e+01   2.5196813e+09
   6.4772969e+16   4.6284740e+01   2.0485713e+09
   6.5014749e+16   4.6112614e+01   1.6654902e+09
   6.5256528e+16   4.5941764e+01   1.3540002e+09
   6.5498308e+16   4.5772175e+01   1.1007308e+09
   6.5740087e+16   4.5603834e+01   8.9480694e+08
   6.5981867e+16   4.5436726e+01   7.2738362e+08
   6.6223646e+16   4.5270839e+01   5.9126713e+08
   6.6465426e+16   4.5106158e+01   4.8060700e+08
   6.6707205e+16   4.4942671e+01   3.9064538e+08
   6.6948985e+16   4.4780366e+01   3.1751310e+08
   6.7190764e+16   4.4619228e+01   2.5806376e+08
   6.7432544e+16   4.4459245e+01   2.0973888e+08
   6.7674323e+16   4.4300406e+01   1.7045803e+08
   6.7916103e+16   4.4142698e+01   1.3852965e+08
   6.8157882e+16   4.3986109e+01   1.1257833e+08
   6.8399662e+16   4.3830626e+01   9.1485820e+07
   6.8641441e+16   4.3676239e+01   7.4342944e+07
   6.8883221e+16   4.3522936e+01   6.0410553e+07
   6.9125000e+16   4.3370705e+01   4.9087740e+07
   6.9366779e+16   4.3219536e+01   3.9886003e+07
   6.9608559e+16   4.3069416e+01   3.2408233e+07
   6.9850338e+16   4.2920336e+01   2.6331622e+07
   7.0092118e+16   4.2772284e+01   2.1393774e+07
   7.0333897e+16   4.2625251e+01   1.7381401e+07
   7.0575677e+16   4.2479224e+01   1.4121143e+07
   7.0817456e+16   4.2334195e+01   1.1472094e+07
   7.1059236e+16   4.2190152e+01   9.3197311e+06
   7.1301015e+16   4.2047087e+01   7.5709782e+06
   7.1542795e+16   4.1904988e+01   6.1501913e+06
   7.1784574e+16   4.1763847e+01   4.9958955e+06
   7.2026354e+16   4.1623653e+01   4.0581326e+06
   7.2268133e+16   4.1484398e+01   3.2963048e+06
   7.2509913e+16   4.1346071e+01   2.6774219e+06
   7.2751692e+16   4.1208663e+01   2.1746765e+06
   7.2993472e+16   4.1072166e+01   1.7662859e+06
   7.3235251e+16   4.0936570e+01   1.4345506e+06
   7.3477031e+16   4.0801866e+01   1.1650897e+06
   7.3718810e+16   4.0668046e+01   9.4621880e+05
   7.3960590e+16   4.0535101e+01   7.6844456e+05
   7.4202369e+16   4.0403022e+01   6.2405425e+05
   7.4444149e+16   4.0271802e+01   5.0678187e+05
   7.4685928e+16   4.0141430e+01   4.1153689e+05
   7.4927708e+16   4.0011901e+01   3.3418390e+05
   7.5169487e+16   3.9883204e+01   2.7136348e+05
   7.5411267e+16   3.9755333e+01   2.2034666e+05
   7.5653046e+16   3.9628279e+01   1.7891666e+05
   7.5894826e+16   3.9502034e+01   1.4527284e+05
   7.6136605e+16   3.9376591e+01   1.1795259e+05
   7.6378385e+16   3.9251943e+01   9.5767904e+04
   7.6620164e+16   3.9128081e+01   7.7753868e+04
   7.6861944e+16   3.9004998e+01   6.3126777e+04
   7.7103723e+16   3.8882688e+01   5.1250119e+04
   7.7345503e+16   3.8761142e+01   4.1606948e+04
   7.7587282e+16   3.8640353e+01   3.3777431e+04
   7.7829062e+16   3.8520315e+01   2.7420617e+04
   7.8070841e+16   3.8401021e+01   2.2259619e+04
   7.8312621e+16   3.8282463e+01   1.8069585e+04
   7.8554400e+16   3.8164635e+01   1.4667925e+04
   7.8796180e+16   3.8047530e+01   1.1906367e+04
   7.9037959e+16   3.7931141e+01   9.6645131e+03
   7.9279739e+16   3.7815463e+01   7.8446018e+03
   7.9521518e+16   3.7700487e+01   6.3672528e+03
   7.9763298e+16   3.7586209e+01   5.1680131e+03
   8.0005077e+16   3.7472622e+01   4.1945511e+03
   8.0246857e+16   3.7359719e+01   3.4043783e+03
   8.0488636e+16   3.7247494e+01   2.7629984e+03
   8.0730416e+16   3.7135941e+01   2.2424047e+03
   8.0972195e+16   3.7025055e+01   1.8198599e+03
   8.1213975e+16   3.6914829e+01   1.4769051e+03
   8.1455754e+16   3.6805257e+01   1.1985549e+03
   8.1697534e+16   3.6696334e+01   9.7264427e+02
   8.1939313e+16   3.6588054e+01   7.8929792e+02
   8.2181093e+16   3.6480410e+01   6.4049944e+02
   8.2422872e+16   3.6373399e+01   5.1974161e+02
   8.2664652e+16   3.6267013e+01   4.2174233e+02
   8.2906431e+16   3.6161248e+01   3.4221412e+02
   8.3148211e+16   3.6056098e+01   2.7767689e+02
   8.3389990e+16   3.5951557e+01   2.2530597e+02
   8.3631770e+16   3.5847621e+01   1.8280869e+02
   8.3873549e+16   3.5744284e+01   1.4832426e+02
   8.4115329e+16   3.5641542e+01   1.2034245e+02
   8.4357108e+16   3.5539388e+01   9.7637539e+01
   8.4598888e+16   3.5437818e+01   7.9214774e+01
   8.4840667e+16   3.5336827e+01   6.4266844e+01
   8.5082447e+16   3.5236410e+01   5.2138586e+01
   8.5324226e+16   3.5136562e+01   4.2298312e+01
   8.5566006e+16   3.5037279e+01   3.4314558e+01
   8.5807785e+16   3.4938555e+01   2.7837190e+01
   8.6049565e+16   3.4840385e+01   2.2582085e+01
   8.6291344e+16   3.4742766e+01   1.8318689e+01
   8.6533124e+16   3.4645693e+01   1.4859921e+01
   8.6774903e+16   3.4549160e+01   1.2053979e+01
   8.7016683e+16   3.4453164e+01   9.7776884e+00
   8.7258462e+16   3.4357699e+01   7.9311078e+00
   8.7500242e+16   3.4262762e+01   6.4331465e+00
   8.7742021e+16   3.4168349e+01   5.2180113e+00
   8.7983801e+16   3.4074454e+01   4.2323211e+00
   8.8225580e+16   3.3981074e+01   3.4327665e+00
   8.8467360e+16   3.3888205e+01   2.7842103e+00
   8.8709139e+16   3.3795841e+01   2.2581456e+00
   8.8950919e+16   3.3703980e+01   1.8314458e+00
   8.9192698e+16   3.3612617e+01   1.4853486e+00
   8.9434478e+16   3.3521748e+01   1.2046337e+00
   8.9676257e+16   3.3431368e+01   9.7695366e-01
   8.9918037e+16   3.3341475e+01   7.9229198e-01
   9.0159816e+16   3.3252064e+01   6.4252341e-01
   9.0401596e+16   3.3163131e+01   5.2105682e-01
   9.0643375e+16   3.3074673e+01   4.2254571e-01
   9.0885155e+16   3.2986685e+01   3.4265322e-01
   9.1126934e+16   3.2899165e+01   2.7786158e-01
   9.1368714e+16   3.2812107e+01   2.2531743e-01
   9.1610493e+16   3.2725509e+01   1.8270637e-01
   9.1852273e+16   3.2639367e+01   1.4815124e-01
   9.2094052e+16   3.2553677e+01   1.2012947e-01
   9.2335832e+16   3.2468436e+01   9.7406203e-02
   9.2577611e+16   3.2383640e+01   7.8979875e-02
   9.2819391e+16   3.2299285e+01   6.4038196e-02
   9.3061170e+16   3.2215370e+01   5.1922380e-02
   9.3302950e+16   3.2131889e+01   4.2098149e-02
   9.3544729e+16   3.2048839e+01   3.4132204e-02
   9.3786509e+16   3.1966218e+01   2.7673152e-02
   9.4028288e+16   3.1884022e+01   2.2436026e-02
   9.4270068e+16   3.1802247e+01   1.8189731e-02
   9.4511847e+16   3.1720891e+01   1.4746865e-02
   9.4753627e+16   3.1639950e+01   1.1955458e-02
   9.4995406e+16   3.1559421e+01   9.6922786e-03
   9.5237186e+16   3.1479301e+01   7.8573976e-03
   9.5478965e+16   3.1399586e+01   6.3697852e-03
   9.5720745e+16   3.1320275e+01   5.1637367e-03
   9.5962524e+16   3.1241362e+01   4.1859754e-03
   9.6204304e+16   3.1162847e+01   3.3933024e-03
   9.6446083e+16   3.1084725e+01   2.7506910e-03
   9.6687863e+16   3.1006994e+01   2.2297410e-03
   9.6929642e+16   3.0929651e+01   1.8074257e-03
   9.7171422e+16   3.0852693e+01   1.4650752e-03
   9.7413201e+16   3.0776116e+01   1.1875526e-03
   9.7654981e+16   3.0699919e+01   9.6258549e-04
   9.7896760e+16   3.0624098e+01   7.8022399e-04
   9.8138540e+16   3.0548651e+01   6.3240145e-04
   9.8380319e+16   3.0473575e+01   5.1257807e-04
   9.8622099e+16   3.0398866e+01   4.1545196e-04
   9.8863878e+16   3.0324524e+01   3.3672493e-04
   9.9105658e+16   3.0250543e+01   2.7291250e-04
   9.9347437e+16   3.0176923e+01   2.2118990e-04
   9.9589217e+16   3.0103661e+01   1.7926724e-04
   9.9830996e+16   3.0030753e+01   1.4528820e-04
   1.0007278e+17   2.9958198e+01   1.1774801e-04
   1.0031456e+17   2.9885992e+01   9.5426858e-05
   1.0055633e+17   2.9814134e+01   7.7335975e-05
   1.0079811e+17   2.9742620e+01   6.2673854e-05
   1.0103989e+17   2.9671449e+01   5.0790814e-05
   1.0128167e+17   2.9600617e+01   4.1160240e-05
   1.0152345e+17   2.9530123e+01   3.3355282e-05
   1.0176523e+17   2.9459963e+01   2.7029957e-05
   1.0200701e+17   2.9390137e+01   2.1903833e-05
   1.0224879e+17   2.9320640e+01   1.7749616e-05
   1.0249057e+17   2.9251471e+01   1.4383080e-05
   1.0273235e+17   2.9182628e+01   1.1654911e-05
   1.0297413e+17   2.9114109e+01   9.4440918e-06
   1.0321591e+17   2.9045910e+01   7.6525399e-06
   1.0345769e+17   2.8978030e+01   6.2007641e-06
   1.0369947e+17   2.8910467e+01   5.0243404e-06
   1.0394125e+17   2.8843217e+01   4.0710567e-06
   1.0418303e+17   2.8776280e+01   3.2985992e-06
   1.0442481e+17   2.8709653e+01   2.6726756e-06
   1.0466659e+17   2.8643334e+01   2.1654955e-06
   1.0490837e+17   2.8577321e+01   1.7545376e-06
   1.0515015e+17   2.8511611e+01   1.4215511e-06
   1.0539192e+17   2.8446202e+01   1.1517460e-06
   1.0563370e+17   2.8381093e+01   9.3313686e-07
   1.0587548e+17   2.8316282e+01   7.5601161e-07
   1.0611726e+17   2.8251765e+01   6.1249997e-07
   1.0635904e+17   2.8187542e+01   4.9622449e-07
   1.0660082e+17   2.8123611e+01   4.0201740e-07
   1.0684260e+17   2.8059968e+01   3.2569124e-07
   1.0708438e+17   2.7996613e+01   2.6385291e-07
   1.0732616e+17   2.7933544e+01   2.1375305e-07
   1.0756794e+17   2.7870758e+01   1.7316391e-07
   1.0780972e+17   2.7808253e+01   1.4028044e-07
   1.0805150e+17   2.7746029e+01   1.1364008e-07
   1.0829328e+17   2.7684082e+01   9.2057810e-08
   1.0853506e+17   2.7622411e+01   7.4573493e-08
   1.0877684e+17   2.7561015e+01   6.0409200e-08
   1.0901862e+17   2.7499890e+01   4.8934647e-08
   1.0926040e+17   2.7439036e+01   3.9639178e-08
   1.0950218e+17   2.7378451e+01   3.2109063e-08
   1.0974396e+17   2.7318133e+01   2.6009110e-08
   1.0998574e+17   2.7258080e+01   2.1067752e-08
   1.1022751e+17   2.7198291e+01   1.7064981e-08
   1.1046929e+17   2.7138763e+01   1.3822554e-08
   1.1071107e+17   2.7079495e+01   1.1196074e-08
   1.1095285e+17   2.7020486e+01   9.0685564e-09
   1.1119463e+17   2.6961733e+01   7.3452323e-09
   1.1143641e+17   2.6903235e+01   5.9493280e-09
   1.1167819e+17   2.6844991e+01   4.8186492e-09
   1.1191997e+17   2.6786998e+01   3.9028131e-09
   1.1216175e+17   2.6729255e+01   3.1610055e-09
   1.1240353e+17   2.6671760e+01   2.5601643e-09
   1.1264531e+17   2.6614513e+01   2.0735071e-09
   1.1288709e+17   2.6557510e+01   1.6793389e-09
   1.1312887e+17   2.6500751e+01   1.3600858e-09
   1.1337065e+17   2.6444234e+01   1.1015125e-09
   1.1361243e+17   2.6387958e+01   8.9208810e-10
   1.1385421e+17   2.6331921e+01   7.2247241e-10
   1.1409599e+17   2.6276121e+01   5.8509989e-10
   1.1433777e+17   2.6220558e+01   4.7384250e-10
   1.1457955e+17   2.6165229e+01   3.8373664e-10
   1.1482132e+17   2.6110132e+01   3.1076193e-10
   1.1506310e+17   2.6055268e+01   2.5166201e-10
   1.1530488e+17   2.6000633e+01   2.0379937e-10
   1.1554666e+17   2.5946227e+01   1.6503778e-10
   1.1578844e+17   2.5892049e+01   1.3364701e-10
   1.1603022e+17   2.5838096e+01   1.0822573e-10
   1.1627200e+17   2.5784367e+01   8.7638955e-11
   1.1651378e+17   2.5730862e+01   7.0967464e-11
   1.1675556e+17   2.5677578e+01   5.7466774e-11
   1.1699734e+17   2.5624514e+01   4.6533938e-11
   1.1723912e+17   2.5571669e+01   3.7680640e-11
   1.1748090e+17   2.5519042e+01   3.0511407e-11
   1.1772268e+17   2.5466631e+01   2.4705959e-11
   1.1796446e+17   2.5414434e+01   2.0004915e-11
   1.1820624e+17   2.5362452e+01   1.6198219e-11
   1.1844802e+17   2.5310681e+01   1.3115758e-11
   1.1868980e+17   2.5259121e+01   1.0619770e-11
   1.1893158e+17   2.5207771e+01   8.5986926e-12
   1.1917336e+17   2.5156630e+01   6.9621818e-12
   1.1941514e+17   2.5105695e+01   5.6370765e-12
   1.1965691e+17   2.5054967e+01   4.5641316e-12
   1.1989869e+17   2.5004442e+01   3.6953711e-12
   1.2014047e+17   2.4954122e+01   2.9919453e-12
   1.2038225e+17   2.4904003e+01   2.4223950e-12
   1.2062403e+17   2.4854085e+01   1.9612456e-12
   1.2086581e+17   2.4804367e+01   1.5878693e-12
   1.2110759e+17   2.4754848e+01   1.2855627e-12
   1.2134937e+17   2.4705526e+01   1.0408007e-12
   1.2159115e+17   2.4656400e+01   8.4263145e-13
   1.2183293e+17   2.4607469e+01   6.8218720e-13
   1.2207471e+17   2.4558731e+01   5.5228760e-13
   1.2231649e+17   2.4510187e+01   4.4711872e-13
   1.2255827e+17   2.4461834e+01   3.6197309e-13
   1.2280005e+17   2.4413671e+01   2.9303910e-13
   1.2304183e+17   2.4365698e+01   2.3723063e-13
   1.2328361e+17   2.4317913e+01   1.9204891e-13
   1.2352539e+17   2.4270315e+01   1.5547081e-13
   1.2376717e+17   2.4222902e+01   1.2585829e-13
   1.2400895e+17   2.4175675e+01   1.0188511e-13
   1.2425073e+17   2.4128632e+01   8.2477520e-14
   1.2449250e+17   2.4081771e+01   6.6766168e-14
   1.2473428e+17   2.4035092e+01   5.4047213e-14
   1.2497606e+17   2.3988594e+01   4.3750818e-14
   1.2521784e+17   2.3942275e+01   3.5415638e-14
   1.2545962e+17   2.3896134e+01   2.8668173e-14
   1.2570140e+17   2.3850171e+01   2.3206039e-14
   1.2594318e+17   2.3804385e+01   1.8784433e-14
   1.2618496e+17   2.3758774e+01   1.5205170e-14
   1.2642674e+17   2.3713338e+01   1.2307803e-14
   1.2666852e+17   2.3668075e+01   9.9624449e-15
   1.2691030e+17   2.3622984e+01   8.0639432e-15
   1.2715208e+17   2.3578065e+01   6.5271731e-15
   1.2739386e+17   2.3533317e+01   5.2832234e-15
   1.2763564e+17   2.3488737e+01   4.2763081e-15
   1.2787742e+17   2.3444327e+01   3.4612677e-15
   1.2811920e+17   2.3400084e+01   2.8015450e-15
   1.2836098e+17   2.3356008e+01   2.2675467e-15
   1.2860276e+17   2.3312098e+01   1.8353171e-15
   1.2884454e+17   2.3268352e+01   1.4854643e-15
   1.2908632e+17   2.3224770e+01   1.2022910e-15
   1.2932809e+17   2.3181351e+01   9.7309055e-16
   1.2956987e+17   2.3138095e+01   7.8757732e-16
   1.2981165e+17   2.3094999e+01   6.3742552e-16
   1.3005343e+17   2.3052063e+01   5.1589582e-16
   1.3029521e+17   2.3009287e+01   4.1753309e-16
   1.3053699e+17   2.2966670e+01   3.3792175e-16
   1.3077877e+17   2.2924210e+01   2.7348766e-16
   1.3102055e+17   2.2881906e+01   2.2133786e-16
   1.3126233e+17   2.2839759e+01   1.7913071e-16
   1.3150411e+17   2.2797767e+01   1.4497089e-16
   1.3174589e+17   2.2755928e+01   1.1732430e-16
   1.3198767e+17   2.2714243e+01   9.4949250e-17
   1.3222945e+17   2.2672710e+01   7.6840743e-17
   1.3247123e+17   2.2631329e+01   6.2185341e-17
   1.3271301e+17   2.2590099e+01   5.0324672e-17
   1.3295479e+17   2.2549019e+01   4.0725868e-17
   1.3319657e+17   2.2508088e+01   3.2957650e-17
   1.3343835e+17   2.2467305e+01   2.6670959e-17
   1.3368013e+17   2.2426670e+01   2.1583284e-17
   1.3392191e+17   2.2386181e+01   1.7465980e-17
   1.3416368e+17   2.2345838e+01   1.4133995e-17
   1.3440546e+17   2.2305641e+01   1.1437561e-17
   1.3464724e+17   2.2265588e+01   9.2554707e-18
   1.3488902e+17   2.2225678e+01   7.4896265e-18
   1.3513080e+17   2.2185911e+01   6.0606387e-18
   1.3537258e+17   2.2146287e+01   4.9042571e-18
   1.3561436e+17   2.2106803e+01   3.9684844e-18
   1.3585614e+17   2.2067460e+01   3.2112398e-18
   1.3609792e+17   2.2028257e+01   2.5984684e-18
   1.3633970e+17   2.1989193e+01   2.1026103e-18
   1.3658148e+17   2.1950267e+01   1.7013622e-18
   1.3682326e+17   2.1911479e+01   1.3766751e-18
   1.3706504e+17   2.1872828e+01   1.1139426e-18
   1.3730682e+17   2.1834313e+01   9.0134462e-19
   1.3754860e+17   2.1795933e+01   7.2931580e-19
   1.3779038e+17   2.1757688e+01   5.9011559e-19
   1.3803216e+17   2.1719577e+01   4.7748011e-19
   1.3827394e+17   2.1681599e+01   3.8634048e-19
   1.3851572e+17   2.1643753e+01   3.1259491e-19
   1.3875750e+17   2.1606040e+01   2.5292418e-19
   1.3899927e+17   2.1568458e+01   2.0464237e-19
   1.3924105e+17   2.1531006e+01   1.6557606e-19
   1.3948283e+17   2.1493684e+01   1.3396654e-19
   1.3972461e+17   2.1456492e+01   1.0839068e-19
   1.3996639e+17   2.1419428e+01   8.7696924e-20
   1.4020817e+17   2.1382491e+01   7.0953464e-20
   1.4044995e+17   2.1345682e+01   5.7406317e-20
   1.4069173e+17   2.1308999e+01   4.6445390e-20
   1.4093351e+17   2.1272442e+01   3.7577025e-20
   1.4117529e+17   2.1236011e+01   3.0401783e-20
   1.4141707e+17   2.1199704e+01   2.4596459e-20
   1.4165885e+17   2.1163521e+01   1.9899539e-20
   1.4190063e+17   2.1127461e+01   1.6099425e-20
   1.4214241e+17   2.1091524e+01   1.3024906e-20
   1.4238419e+17   2.1055709e+01   1.0537456e-20
   1.4262597e+17   2.1020015e+01   8.5249896e-21
   1.4286775e+17   2.0984442e+01   6.8968201e-21
   1.4310953e+17   2.0948990e+01   5.5795721e-21
   1.4335131e+17   2.0913657e+01   4.5138784e-21
   1.4359309e+17   2.0878443e+01   3.6517058e-21
   1.4383486e+17   2.0843347e+01   2.9541919e-21
   1.4407664e+17   2.0808369e+01   2.3898938e-21
   1.4431842e+17   2.0773509e+01   1.9333724e-21
   1.4456020e+17   2.0738764e+01   1.5640457e-21
   1.4480198e+17   2.0704136e+01   1.2652618e-21
   1.4504376e+17   2.0669624e+01   1.0235484e-21
   1.4528554e+17   2.0635226e+01   8.2800586e-22
   1.4552732e+17   2.0600943e+01   6.6981596e-22
   1.4576910e+17   2.0566773e+01   5.4184445e-22
   1.4601088e+17   2.0532716e+01   4.3831956e-22
   1.4625266e+17   2.0498773e+01   3.5457176e-22
   1.4649444e+17   2.0464941e+01   2.8682337e-22
   1.4673622e+17   2.0431220e+01   2.3201818e-22
   1.4697800e+17   2.0397611e+01   1.8768373e-22
   1.4721978e+17   2.0364112e+01   1.5181977e-22
   1.4746156e+17   2.0330723e+01   1.2280815e-22
   1.4770334e+17   2.0297443e+01   9.9339775e-23
   1.4794512e+17   2.0264272e+01   8.0355630e-23
   1.4818690e+17   2.0231209e+01   6.4998989e-23
   1.4842868e+17   2.0198253e+01   5.2576789e-23
   1.4867045e+17   2.0165405e+01   4.2528365e-23
   1.4891223e+17   2.0132664e+01   3.4400164e-23
   1.4915401e+17   2.0100029e+01   2.7825278e-23
   1.4939579e+17   2.0067499e+01   2.2506903e-23
   1.4963757e+17   2.0035075e+01   1.8204936e-23
   1.4987935e+17   2.0002755e+01   1.4725152e-23
   1.5012113e+17   1.9970540e+01   1.1910436e-23
   1.5036291e+17   1.9938427e+01   9.6336927e-24
   1.5060469e+17   1.9906419e+01   7.7921113e-24
   1.5084647e+17   1.9874512e+01   6.3025277e-24
   1.5108825e+17   1.9842708e+01   5.0976691e-24
   1.5133003e+17   1.9811005e+01   4.1231183e-24
   1.5157181e+17   1.9779404e+01   3.3348571e-24
   1.5181359e+17   1.9747903e+01   2.6972795e-24
   1.5205537e+17   1.9716502e+01   2.1815841e-24
   1.5229715e+17   1.9685201e+01   1.7644741e-24
   1.5253893e+17   1.9654000e+01   1.4271051e-24
   1.5278071e+17   1.9622897e+01   1.1542341e-24
   1.5302249e+17   1.9591892e+01   9.3353201e-25
   1.5326426e+17   1.9560985e+01   7.5502591e-25
   1.5350604e+17   1.9530176e+01   6.1064928e-25
   1.5374782e+17   1.9499463e+01   4.9387745e-25
   1.5398960e+17   1.9468847e+01   3.9943297e-25
   1.5423138e+17   1.9438327e+01   3.2304721e-25
   1.5447316e+17   1.9407902e+01   2.6126755e-25
   1.5471494e+17   1.9377572e+01   2.1130138e-25
   1.5495672e+17   1.9347338e+01   1.7088998e-25
   1.5519850e+17   1.9317197e+01   1.3820643e-25
   1.5544028e+17   1.9287150e+01   1.1177311e-25
   1.5568206e+17   1.9257196e+01   9.0394880e-26
   1.5592384e+17   1.9227336e+01   7.3105115e-26
   1.5616562e+17   1.9197567e+01   5.9122002e-26
   1.5640740e+17   1.9167891e+01   4.7813215e-26
   1.5664918e+17   1.9138307e+01   3.8667333e-26
   1.5689096e+17   1.9108813e+01   3.1270725e-26
   1.5713274e+17   1.9079411e+01   2.5288854e-26
   1.5737452e+17   1.9050098e+01   2.0451154e-26
   1.5761630e+17   1.9020876e+01   1.6538800e-26
   1.5785808e+17   1.8991743e+01   1.3374811e-26
   1.5809985e+17   1.8962699e+01   1.0816053e-26
   1.5834163e+17   1.8933744e+01   8.7467649e-27
   1.5858341e+17   1.8904877e+01   7.0733252e-27
   1.5882519e+17   1.8876099e+01   5.7200171e-27
   1.5906697e+17   1.8847407e+01   4.6256051e-27
   1.5930875e+17   1.8818803e+01   3.7405660e-27
   1.5955053e+17   1.8790285e+01   3.0248485e-27
   1.5979231e+17   1.8761854e+01   2.4460622e-27
   1.6003409e+17   1.8733508e+01   1.9780120e-27
   1.6027587e+17   1.8705249e+01   1.5995135e-27
   1.6051765e+17   1.8677074e+01   1.2934346e-27
   1.6075943e+17   1.8648984e+01   1.0459203e-27
   1.6100121e+17   1.8620978e+01   8.4576623e-28
   1.6124299e+17   1.8593057e+01   6.8391112e-28
   1.6148477e+17   1.8565218e+01   5.5302734e-28
   1.6172655e+17   1.8537464e+01   4.4718903e-28
   1.6196833e+17   1.8509792e+01   3.6160406e-28
   1.6221011e+17   1.8482202e+01   2.9239711e-28
   1.6245189e+17   1.8454695e+01   2.3643431e-28
   1.6269367e+17   1.8427269e+01   1.9118136e-28
   1.6293544e+17   1.8399925e+01   1.5458888e-28
   1.6317722e+17   1.8372662e+01   1.2499959e-28
   1.6341900e+17   1.8345480e+01   1.0107333e-28
   1.6366078e+17   1.8318377e+01   8.1726381e-29
   1.6390256e+17   1.8291355e+01   6.6082370e-29
   1.6414434e+17   1.8264413e+01   5.3432640e-29
   1.6438612e+17   1.8237549e+01   4.3204138e-29
   1.6462790e+17   1.8210765e+01   3.4933472e-29
   1.6486968e+17   1.8184059e+01   2.8245928e-29
   1.6511146e+17   1.8157431e+01   2.2838504e-29
   1.6535324e+17   1.8130882e+01   1.8466185e-29
   1.6559502e+17   1.8104409e+01   1.4930846e-29
   1.6583680e+17   1.8078014e+01   1.2072283e-29
   1.6607858e+17   1.8051696e+01   9.7609501e-30
   1.6632036e+17   1.8025454e+01   7.8920991e-30
   1.6656214e+17   1.7999289e+01   6.3810290e-30
   1.6680392e+17   1.7973199e+01   5.1592510e-30
   1.6704570e+17   1.7947185e+01   4.1713857e-30
   1.6728748e+17   1.7921246e+01   3.3726542e-30
   1.6752926e+17   1.7895382e+01   2.7268487e-30
   1.6777103e+17   1.7869592e+01   2.2046927e-30
   1.6801281e+17   1.7843877e+01   1.7825136e-30
   1.6825459e+17   1.7818236e+01   1.4411707e-30
   1.6849637e+17   1.7792668e+01   1.1651875e-30
   1.6873815e+17   1.7767173e+01   9.4205011e-31
   1.6897993e+17   1.7741752e+01   7.6164045e-31
   1.6922171e+17   1.7716403e+01   6.1577749e-31
   1.6946349e+17   1.7691126e+01   4.9784648e-31
   1.6970527e+17   1.7665922e+01   4.0249909e-31
   1.6994705e+17   1.7640789e+01   3.2541097e-31
   1.7018883e+17   1.7615727e+01   2.6308575e-31
   1.7043061e+17   1.7590737e+01   2.1269648e-31
   1.7067239e+17   1.7565817e+01   1.7195751e-31
   1.7091417e+17   1.7540968e+01   1.3902082e-31
   1.7115595e+17   1.7516189e+01   1.1239226e-31
   1.7139773e+17   1.7491480e+01   9.0863783e-32
   1.7163951e+17   1.7466841e+01   7.3458680e-32
   1.7188129e+17   1.7442271e+01   5.9387262e-32
   1.7212307e+17   1.7417770e+01   4.8011069e-32
   1.7236485e+17   1.7393338e+01   3.8813905e-32
   1.7260662e+17   1.7368974e+01   3.1378430e-32
   1.7284840e+17   1.7344678e+01   2.5367226e-32
   1.7309018e+17   1.7320451e+01   2.0507497e-32
   1.7333196e+17   1.7296291e+01   1.6578692e-32
   1.7357374e+17   1.7272198e+01   1.3402499e-32
   1.7381552e+17   1.7248172e+01   1.0834759e-32
   1.7405730e+17   1.7224213e+01   8.7589214e-33
   1.7429908e+17   1.7200320e+01   7.0807613e-33
   1.7454086e+17   1.7176494e+01   5.7241002e-33
   1.7478264e+17   1.7152733e+01   4.6273511e-33
   1.7502442e+17   1.7129038e+01   3.7407237e-33
   1.7526620e+17   1.7105409e+01   3.0239651e-33
   1.7550798e+17   1.7081844e+01   2.4445329e-33
   1.7574976e+17   1.7058345e+01   1.9761185e-33
   1.7599154e+17   1.7034910e+01   1.5974528e-33
   1.7623332e+17   1.7011539e+01   1.2913415e-33
   1.7647510e+17   1.6988233e+01   1.0438837e-33
   1.7671688e+17   1.6964990e+01   8.4384206e-34
   1.7695866e+17   1.6941810e+01   6.8213166e-34
   1.7720044e+17   1.6918694e+01   5.5140824e-34
   1.7744221e+17   1.6895641e+01   4.4573456e-34
   1.7768399e+17   1.6872651e+01   3.6031088e-34
   1.7792577e+17   1.6849723e+01   2.9125707e-34
   1.7816755e+17   1.6826857e+01   2.3543640e-34
   1.7840933e+17   1.6804054e+01   1.9031313e-34
   1.7865111e+17   1.6781312e+01   1.5383741e-34
   1.7889289e+17   1.6758631e+01   1.2435212e-34
   1.7913467e+17   1.6736012e+01   1.0051769e-34
   1.7937645e+17   1.6713454e+01   8.1251209e-35
   1.7961823e+17   1.6690956e+01   6.5677292e-35
   1.7986001e+17   1.6668519e+01   5.3088286e-35
   1.8010179e+17   1.6646142e+01   4.2912147e-35
   1.8034357e+17   1.6623825e+01   3.4686450e-35
   1.8058535e+17   1.6601568e+01   2.8037388e-35
   1.8082713e+17   1.6579371e+01   2.2662788e-35
   1.8106891e+17   1.6557233e+01   1.8318386e-35
   1.8131069e+17   1.6535153e+01   1.4806730e-35
   1.8155247e+17   1.6513133e+01   1.1968211e-35
   1.8179425e+17   1.6491171e+01   9.6738065e-36
   1.8203603e+17   1.6469268e+01   7.8192244e-36
   1.8227780e+17   1.6447422e+01   6.3201600e-36
   1.8251958e+17   1.6425635e+01   5.1084670e-36
   1.8276136e+17   1.6403905e+01   4.1290604e-36
   1.8300314e+17   1.6382232e+01   3.3374134e-36
   1.8324492e+17   1.6360617e+01   2.6975339e-36
   1.8348670e+17   1.6339059e+01   2.1803286e-36
   1.8372848e+17   1.6317557e+01   1.7622810e-36
   1.8397026e+17   1.6296112e+01   1.4243821e-36
   1.8421204e+17   1.6274723e+01   1.1512668e-36
   1.8445382e+17   1.6253391e+01   9.3051558e-37
   1.8469560e+17   1.6232114e+01   7.5208940e-37
   1.8493738e+17   1.6210893e+01   6.0787385e-37
   1.8517916e+17   1.6189727e+01   4.9131002e-37
   1.8542094e+17   1.6168616e+01   3.9709641e-37
   1.8566272e+17   1.6147561e+01   3.2094786e-37
   1.8590450e+17   1.6126560e+01   2.5940073e-37
   1.8614628e+17   1.6105614e+01   2.0965542e-37
   1.8638806e+17   1.6084722e+01   1.6944908e-37
   1.8662984e+17   1.6063884e+01   1.3695267e-37
   1.8687162e+17   1.6043100e+01   1.1068787e-37
   1.8711339e+17   1.6022370e+01   8.9459762e-38
   1.8735517e+17   1.6001693e+01   7.2302560e-38
   1.8759695e+17   1.5981070e+01   5.8435644e-38
   1.8783873e+17   1.5960499e+01   4.7228072e-38
   1.8808051e+17   1.5939982e+01   3.8169883e-38
   1.8832229e+17   1.5919517e+01   3.0848899e-38
   1.8856407e+17   1.5899105e+01   2.4931979e-38
   1.8880585e+17   1.5878745e+01   2.0149862e-38
   1.8904763e+17   1.5858437e+01   1.6284921e-38
   1.8928941e+17   1.5838181e+01   1.3161260e-38
   1.8953119e+17   1.5817977e+01   1.0636716e-38
   1.8977297e+17   1.5797824e+01   8.5963858e-39
   1.9001475e+17   1.5777723e+01   6.9474032e-39
   1.9025653e+17   1.5757672e+01   5.6147106e-39
   1.9049831e+17   1.5737673e+01   4.5376451e-39
   1.9074009e+17   1.5717724e+01   3.6671777e-39
   1.9098187e+17   1.5697825e+01   2.9636824e-39
   1.9122365e+17   1.5677977e+01   2.3951331e-39
   1.9146543e+17   1.5658179e+01   1.9356460e-39
   1.9170721e+17   1.5638432e+01   1.5643017e-39
   1.9194898e+17   1.5618733e+01   1.2641931e-39
   1.9219076e+17   1.5599085e+01   1.0216558e-39
   1.9243254e+17   1.5579485e+01   8.2564639e-40
   1.9267432e+17   1.5559935e+01   6.6723972e-40
   1.9291610e+17   1.5540434e+01   5.3922251e-40
   1.9315788e+17   1.5520982e+01   4.3576511e-40
   1.9339966e+17   1.5501578e+01   3.5215610e-40
   1.9364144e+17   1.5482223e+01   2.8458782e-40
   1.9388322e+17   1.5462916e+01   2.2998300e-40
   1.9412500e+17   1.5443657e+01   1.8585468e-40
   1.9436678e+17   1.5424447e+01   1.5019297e-40
   1.9460856e+17   1.5405283e+01   1.2137355e-40
   1.9485034e+17   1.5386168e+01   9.8083707e-41
   1.9509212e+17   1.5367100e+01   7.9262547e-41
   1.9533390e+17   1.5348079e+01   6.4052714e-41
   1.9557568e+17   1.5329105e+01   5.1761328e-41
   1.9581746e+17   1.5310177e+01   4.1828439e-41
   1.9605924e+17   1.5291297e+01   3.3801522e-41
   1.9630102e+17   1.5272463e+01   2.7314877e-41
   1.9654279e+17   1.5253675e+01   2.2072962e-41
   1.9678457e+17   1.5234934e+01   1.7836940e-41
   1.9702635e+17   1.5216239e+01   1.4413799e-41
   1.9726813e+17   1.5197589e+01   1.1647561e-41
   1.9750991e+17   1.5178985e+01   9.4121731e-42
   1.9775169e+17   1.5160427e+01   7.6057704e-42
   1.9799347e+17   1.5141913e+01   6.1460335e-42
   1.9823525e+17   1.5123445e+01   4.9664382e-42
   1.9847703e+17   1.5105022e+01   4.0132254e-42
   1.9871881e+17   1.5086644e+01   3.2429518e-42
   1.9896059e+17   1.5068311e+01   2.6205101e-42
   1.9920237e+17   1.5050022e+01   2.1175302e-42
   1.9944415e+17   1.5031777e+01   1.7110859e-42
   1.9968593e+17   1.5013577e+01   1.3826506e-42
   1.9992771e+17   1.4995420e+01   1.1172529e-42
   2.0016949e+17   1.4977308e+01   9.0279467e-43
   2.0041127e+17   1.4959239e+01   7.2949936e-43
   2.0065305e+17   1.4941213e+01   5.8946672e-43
   2.0089483e+17   1.4923232e+01   4.7631264e-43
   2.0113661e+17   1.4905293e+01   3.8487826e-43
   2.0137838e+17   1.4887397e+01   3.1099478e-43
   2.0162016e+17   1.4869544e+01   2.5129352e-43
   2.0186194e+17   1.4851735e+01   2.0305231e-43
   2.0210372e+17   1.4833967e+01   1.6407146e-43
   2.0234550e+17   1.4816242e+01   1.3257347e-43
   2.0258728e+17   1.4798560e+01   1.0712200e-43
   2.0282906e+17   1.4780919e+01   8.6556403e-44
   2.0307084e+17   1.4763321e+01   6.9938804e-44
   2.0331262e+17   1.4745764e+01   5.6511351e-44
   2.0355440e+17   1.4728250e+01   4.5661657e-44
   2.0379618e+17   1.4710776e+01   3.6894883e-44
   2.0403796e+17   1.4693344e+01   2.9811175e-44
   2.0427974e+17   1.4675954e+01   2.4087435e-44
   2.0452152e+17   1.4658604e+01   1.9462585e-44
   2.0476330e+17   1.4641296e+01   1.5725663e-44
   2.0500508e+17   1.4624028e+01   1.2706208e-44
   2.0524686e+17   1.4606801e+01   1.0266477e-44
   2.0548864e+17   1.4589615e+01   8.2951727e-45
   2.0573042e+17   1.4572468e+01   6.7023630e-45
   2.0597220e+17   1.4555363e+01   5.4153806e-45
   2.0621397e+17   1.4538297e+01   4.3755087e-45
   2.0645575e+17   1.4521271e+01   3.5353030e-45
   2.0669753e+17   1.4504285e+01   2.8564279e-45
   2.0693931e+17   1.4487339e+01   2.3079076e-45
   2.0718109e+17   1.4470432e+01   1.8647135e-45
   2.0742287e+17   1.4453565e+01   1.5066222e-45
   2.0766465e+17   1.4436737e+01   1.2172931e-45
   2.0790643e+17   1.4419948e+01   9.8352294e-46
   2.0814821e+17   1.4403199e+01   7.9464358e-46
   2.0838999e+17   1.4386488e+01   6.4203518e-46
   2.0863177e+17   1.4369815e+01   5.1873294e-46
   2.0887355e+17   1.4353182e+01   4.1910940e-46
   2.0911533e+17   1.4336586e+01   3.3861760e-46
   2.0935711e+17   1.4320030e+01   2.7358371e-46
   2.0959889e+17   1.4303511e+01   2.2103930e-46
   2.0984067e+17   1.4287030e+01   1.7858598e-46
   2.1008245e+17   1.4270588e+01   1.4428586e-46
   2.1032423e+17   1.4254183e+01   1.1657322e-46
   2.1056601e+17   1.4237816e+01   9.4182972e-47
   2.1080779e+17   1.4221486e+01   7.6092977e-47
   2.1104956e+17   1.4205194e+01   6.1477380e-47
   2.1129134e+17   1.4188939e+01   4.9668920e-47
   2.1153312e+17   1.4172721e+01   4.0128478e-47
   2.1177490e+17   1.4156541e+01   3.2420467e-47
   2.1201668e+17   1.4140397e+01   2.6192951e-47
   2.1225846e+17   1.4124290e+01   2.1161586e-47
   2.1250024e+17   1.4108219e+01   1.7096634e-47
   2.1274202e+17   1.4092185e+01   1.3812479e-47
   2.1298380e+17   1.4076188e+01   1.1159153e-47
   2.1322558e+17   1.4060227e+01   9.0154932e-48
   2.1346736e+17   1.4044302e+01   7.2836046e-48
   2.1370914e+17   1.4028413e+01   5.8843955e-48
   2.1395092e+17   1.4012560e+01   4.7539650e-48
   2.1419270e+17   1.3996742e+01   3.8406854e-48
   2.1443448e+17   1.3980961e+01   3.1028453e-48
   2.1467626e+17   1.3965215e+01   2.5067450e-48
   2.1491804e+17   1.3949504e+01   2.0251576e-48
   2.1515982e+17   1.3933829e+01   1.6360861e-48
   2.1540160e+17   1.3918188e+01   1.3217585e-48
   2.1564338e+17   1.3902583e+01   1.0678168e-48
   2.1588515e+17   1.3887013e+01   8.6266068e-49
   2.1612693e+17   1.3871478e+01   6.9691840e-49
   2.1636871e+17   1.3855977e+01   5.6301831e-49
   2.1661049e+17   1.3840511e+01   4.5484327e-49
   2.1685227e+17   1.3825080e+01   3.6745121e-49
   2.1709405e+17   1.3809683e+01   2.9684946e-49
   2.1733583e+17   1.3794320e+01   2.3981234e-49
   2.1757761e+17   1.3778991e+01   1.9373383e-49
   2.1781939e+17   1.3763697e+01   1.5650855e-49
   2.1806117e+17   1.3748436e+01   1.2643559e-49
   2.1830295e+17   1.3733209e+01   1.0214082e-49
   2.1854473e+17   1.3718016e+01   8.2514065e-50
   2.1878651e+17   1.3702856e+01   6.6658468e-50
   2.1902829e+17   1.3687730e+01   5.3849462e-50
   2.1927007e+17   1.3672637e+01   4.3501687e-50
   2.1951185e+17   1.3657577e+01   3.5142248e-50
   2.1975363e+17   1.3642551e+01   2.8389103e-50
   2.1999541e+17   1.3627557e+01   2.2933614e-50
   2.2023719e+17   1.3612597e+01   1.8526443e-50
   2.2047897e+17   1.3597669e+01   1.4966157e-50
   2.2072074e+17   1.3582774e+01   1.2090027e-50
   2.2096252e+17   1.3567912e+01   9.7665895e-51
   2.2120430e+17   1.3553082e+01   7.8896426e-51
   2.2144608e+17   1.3538284e+01   6.3733893e-51
   2.2168786e+17   1.3523519e+01   5.1485186e-51
   2.2192964e+17   1.3508786e+01   4.1590376e-51
   2.2217142e+17   1.3494085e+01   3.3597127e-51
   2.2241320e+17   1.3479416e+01   2.7140020e-51
   2.2265498e+17   1.3464779e+01   2.1923855e-51
   2.2289676e+17   1.3450173e+01   1.7710157e-51
   2.2313854e+17   1.3435599e+01   1.4306278e-51
   2.2338032e+17   1.3421057e+01   1.1556588e-51
   2.2362210e+17   1.3406546e+01   9.3353660e-52
   2.2386388e+17   1.3392067e+01   7.5410500e-52
   2.2410566e+17   1.3377619e+01   6.0915952e-52
   2.2434744e+17   1.3363201e+01   4.9207240e-52
   2.2458922e+17   1.3348815e+01   3.9748957e-52
   2.2483100e+17   1.3334460e+01   3.2108589e-52
   2.2507278e+17   1.3320136e+01   2.5936745e-52
   2.2531456e+17   1.3305843e+01   2.0951180e-52
   2.2555633e+17   1.3291580e+01   1.6923893e-52
   2.2579811e+17   1.3277347e+01   1.3670702e-52
   2.2603989e+17   1.3263146e+01   1.1042823e-52
   2.2628167e+17   1.3248974e+01   8.9200690e-53
   2.2652345e+17   1.3234833e+01   7.2053500e-53
   2.2676523e+17   1.3220722e+01   5.8202378e-53
   2.2700701e+17   1.3206641e+01   4.7013779e-53
   2.2724879e+17   1.3192589e+01   3.7975926e-53
   2.2749057e+17   1.3178568e+01   3.0675410e-53
   2.2773235e+17   1.3164577e+01   2.4778280e-53
   2.2797413e+17   1.3150615e+01   2.0014776e-53
   2.2821591e+17   1.3136683e+01   1.6166988e-53
   2.2845769e+17   1.3122780e+01   1.3058891e-53
   2.2869947e+17   1.3108907e+01   1.0548295e-53
   2.2894125e+17   1.3095063e+01   8.5203423e-54
   2.2918303e+17   1.3081248e+01   6.8822529e-54
   2.2942481e+17   1.3067462e+01   5.5590811e-54
   2.2966659e+17   1.3053706e+01   4.4902881e-54
   2.2990837e+17   1.3039978e+01   3.6269722e-54
   2.3015015e+17   1.3026279e+01   2.9296318e-54
   2.3039192e+17   1.3012609e+01   2.3663593e-54
   2.3063370e+17   1.2998967e+01   1.9113805e-54
   2.3087548e+17   1.2985355e+01   1.5438761e-54
   2.3111726e+17   1.2971770e+01   1.2470290e-54
   2.3135904e+17   1.2958214e+01   1.0072551e-54
   2.3160082e+17   1.2944686e+01   8.1358183e-55
   2.3184260e+17   1.2931187e+01   6.5714596e-55
   2.3208438e+17   1.2917715e+01   5.3078821e-55
   2.3232616e+17   1.2904272e+01   4.2872572e-55
   2.3256794e+17   1.2890857e+01   3.4628737e-55
   2.3280972e+17   1.2877469e+01   2.7970008e-55
   2.3305150e+17   1.2864109e+01   2.2591621e-55
   2.3329328e+17   1.2850777e+01   1.8247401e-55
   2.3353506e+17   1.2837473e+01   1.4738508e-55
   2.3377684e+17   1.2824196e+01   1.1904327e-55
   2.3401862e+17   1.2810947e+01   9.6151274e-56
   2.3426040e+17   1.2797724e+01   7.7661199e-56
   2.3450218e+17   1.2784530e+01   6.2726636e-56
   2.3474396e+17   1.2771362e+01   5.0663917e-56
   2.3498574e+17   1.2758221e+01   4.0920826e-56
   2.3522751e+17   1.2745108e+01   3.3051326e-56
   2.3546929e+17   1.2732021e+01   2.6695143e-56
   2.3571107e+17   1.2718961e+01   2.1561277e-56
   2.3595285e+17   1.2705928e+01   1.7414683e-56
   2.3619463e+17   1.2692922e+01   1.4065512e-56
   2.3643641e+17   1.2679942e+01   1.1360421e-56
   2.3667819e+17   1.2666989e+01   9.1755509e-57
   2.3691997e+17   1.2654062e+01   7.4108626e-57
   2.3716175e+17   1.2641162e+01   5.9855527e-57
   2.3740353e+17   1.2628287e+01   4.8343562e-57
   2.3764531e+17   1.2615439e+01   3.9045583e-57
   2.3788709e+17   1.2602618e+01   3.1535816e-57
   2.3812887e+17   1.2589822e+01   2.5470363e-57
   2.3837065e+17   1.2577052e+01   2.0571458e-57
   2.3861243e+17   1.2564308e+01   1.6614754e-57
   2.3885421e+17   1.2551590e+01   1.3419047e-57
   2.3909599e+17   1.2538897e+01   1.0837979e-57
   2.3933777e+17   1.2526230e+01   8.7533414e-58
   2.3957955e+17   1.2513589e+01   7.0696566e-58
   2.3982132e+17   1.2500973e+01   5.7098104e-58
   2.4006310e+17   1.2488383e+01   4.6115185e-58
   2.4030488e+17   1.2475818e+01   3.7244757e-58
   2.4054666e+17   1.2463278e+01   3.0080513e-58
   2.4078844e+17   1.2450764e+01   2.4294293e-58
   2.4103022e+17   1.2438274e+01   1.9621048e-58
   2.4127200e+17   1.2425810e+01   1.5846708e-58
   2.4151378e+17   1.2413370e+01   1.2798375e-58
   2.4175556e+17   1.2400956e+01   1.0336406e-58
   2.4199734e+17   1.2388566e+01   8.3480141e-59
   2.4223912e+17   1.2376201e+01   6.7421085e-59
   2.4248090e+17   1.2363860e+01   5.4451172e-59
   2.4272268e+17   1.2351545e+01   4.3976196e-59
   2.4296446e+17   1.2339253e+01   3.5516243e-59
   2.4320624e+17   1.2326986e+01   2.8683710e-59
   2.4344802e+17   1.2314744e+01   2.3165547e-59
   2.4368980e+17   1.2302526e+01   1.8708921e-59
   2.4393158e+17   1.2290332e+01   1.5109632e-59
   2.4417336e+17   1.2278162e+01   1.2202757e-59
   2.4441514e+17   1.2266016e+01   9.8550986e-60
   2.4465691e+17   1.2253894e+01   7.9590814e-60
   2.4489869e+17   1.2241797e+01   6.4278225e-60
   2.4514047e+17   1.2229723e+01   5.1911521e-60
   2.4538225e+17   1.2217672e+01   4.1923988e-60
   2.4562403e+17   1.2205646e+01   3.3857929e-60
   2.4586581e+17   1.2193643e+01   2.7343691e-60
   2.4610759e+17   1.2181664e+01   2.2082735e-60
   2.4634937e+17   1.2169708e+01   1.7833950e-60
   2.4659115e+17   1.2157776e+01   1.4402610e-60
   2.4683293e+17   1.2145867e+01   1.1631449e-60
   2.4707471e+17   1.2133982e+01   9.3934560e-61
   2.4731649e+17   1.2122119e+01   7.5860547e-61
   2.4755827e+17   1.2110280e+01   6.1264023e-61
   2.4780005e+17   1.2098464e+01   4.9475937e-61
   2.4804183e+17   1.2086671e+01   3.9955955e-61
   2.4828361e+17   1.2074901e+01   3.2267699e-61
   2.4852539e+17   1.2063154e+01   2.6058742e-61
   2.4876717e+17   1.2051430e+01   2.1044465e-61
   2.4900895e+17   1.2039728e+01   1.6995006e-61
   2.4925073e+17   1.2028049e+01   1.3724728e-61
   2.4949250e+17   1.2016393e+01   1.1083710e-61
   2.4973428e+17   1.2004759e+01   8.9508761e-62
   2.4997606e+17   1.1993148e+01   7.2284460e-62
   2.5021784e+17   1.1981560e+01   5.8374522e-62
   2.5045962e+17   1.1969993e+01   4.7141210e-62
   2.5070140e+17   1.1958449e+01   3.8069495e-62
   2.5094318e+17   1.1946928e+01   3.0743443e-62
   2.5118496e+17   1.1935428e+01   2.4827152e-62
   2.5142674e+17   1.1923950e+01   2.0049350e-62
   2.5166852e+17   1.1912495e+01   1.6190964e-62
   2.5191030e+17   1.1901062e+01   1.3075073e-62
   2.5215208e+17   1.1889650e+01   1.0558800e-62
   2.5239386e+17   1.1878260e+01   8.5267595e-63
   2.5263564e+17   1.1866893e+01   6.8857694e-63
   2.5287742e+17   1.1855547e+01   5.5605782e-63
   2.5311920e+17   1.1844222e+01   4.4904147e-63
   2.5336098e+17   1.1832919e+01   3.6262018e-63
   2.5360276e+17   1.1821638e+01   2.9283063e-63
   2.5384454e+17   1.1810378e+01   2.3647219e-63
