   2.4177950e+11   1.2399728e+07   3.2635039e+26
   2.4419729e+13   1.2276958e+05   2.3823131e+30
   4.8597679e+13   6.1690189e+04   6.6753134e+30
   7.2775629e+13   4.1195110e+04   1.0619639e+31
   9.6953578e+13   3.0922015e+04   1.3573494e+31
   1.2113153e+14   2.4749956e+04   1.5617711e+31
   1.4530948e+14   2.0631827e+04   1.7020127e+31
   1.6948743e+14   1.7688628e+04   1.8018340e+31
   1.9366538e+14   1.5480310e+04   1.8772209e+31
   2.1784333e+14   1.3762184e+04   1.9376772e+31
   2.4202128e+14   1.2387341e+04   1.9885370e+31
   2.6619923e+14   1.1262242e+04   2.0327542e+31
   2.9037718e+14   1.0324503e+04   2.0720039e+31
   3.1455513e+14   9.5309208e+03   2.1072911e+31
   3.3873308e+14   8.8506267e+03   2.1392664e+31
   3.6291103e+14   8.2609780e+03   2.1683859e+31
   3.8708897e+14   7.7449894e+03   2.1949928e+31
   4.1126692e+14   7.2896696e+03   2.2193583e+31
   4.3544487e+14   6.8849128e+03   2.2417046e+31
   4.5962282e+14   6.5227396e+03   2.2622183e+31
   4.8380077e+14   6.1967656e+03   2.2810584e+31
   5.0797872e+14   5.9018220e+03   2.2983623e+31
   5.3215667e+14   5.6336792e+03   2.3142494e+31
   5.5633462e+14   5.3888431e+03   2.3288246e+31
   5.8051257e+14   5.1644015e+03   2.3421806e+31
   6.0469052e+14   4.9579080e+03   2.3543998e+31
   6.2886847e+14   4.7672926e+03   2.3655556e+31
   6.5304642e+14   4.5907916e+03   2.3757140e+31
   6.7722437e+14   4.4268933e+03   2.3849347e+31
   7.0140232e+14   4.2742944e+03   2.3932713e+31
   7.2558027e+14   4.1318654e+03   2.4007730e+31
   7.4975822e+14   3.9986224e+03   2.4074844e+31
   7.7393617e+14   3.8737045e+03   2.4134465e+31
   7.9811412e+14   3.7563550e+03   2.4186967e+31
   8.2229207e+14   3.6459065e+03   2.4232698e+31
   8.4647002e+14   3.5417675e+03   2.4271978e+31
   8.7064797e+14   3.4434124e+03   2.4305102e+31
   8.9482592e+14   3.3503723e+03   2.4332347e+31
   9.1900387e+14   3.2622278e+03   2.4353968e+31
   9.4318182e+14   3.1786024e+03   2.4370206e+31
   9.6735977e+14   3.0991572e+03   2.4381285e+31
   9.9153772e+14   3.0235864e+03   2.4387413e+31
   1.0157157e+15   2.9516134e+03   2.4388789e+31
   1.0398936e+15   2.8829872e+03   2.4385598e+31
   1.0640716e+15   2.8174797e+03   2.4378014e+31
   1.0882495e+15   2.7548829e+03   2.4366204e+31
   1.1124275e+15   2.6950072e+03   2.4350323e+31
   1.1366054e+15   2.6376788e+03   2.4330520e+31
   1.1607834e+15   2.5827386e+03   2.4306935e+31
   1.1849613e+15   2.5300404e+03   2.4279701e+31
   1.2091393e+15   2.4794497e+03   2.4248946e+31
   1.2333172e+15   2.4308426e+03   2.4214790e+31
   1.2574952e+15   2.3841046e+03   2.4177349e+31
   1.2816731e+15   2.3391300e+03   2.4136733e+31
   1.3058511e+15   2.2958208e+03   2.4093048e+31
   1.3300290e+15   2.2540862e+03   2.4046395e+31
   1.3542070e+15   2.2138418e+03   2.3996870e+31
   1.3783849e+15   2.1750093e+03   2.3944566e+31
   1.4025629e+15   2.1375156e+03   2.3889573e+31
   1.4267408e+15   2.1012927e+03   2.3831976e+31
   1.4509188e+15   2.0662770e+03   2.3771858e+31
   1.4750967e+15   2.0324091e+03   2.3709298e+31
   1.4992747e+15   1.9996336e+03   2.3644373e+31
   1.5234526e+15   1.9678984e+03   2.3577158e+31
   1.5476306e+15   1.9371548e+03   2.3507723e+31
   1.5718085e+15   1.9073570e+03   2.3436137e+31
   1.5959865e+15   1.8784621e+03   2.3362468e+31
   1.6201644e+15   1.8504295e+03   2.3286780e+31
   1.6443424e+15   1.8232213e+03   2.3209137e+31
   1.6685203e+15   1.7968016e+03   2.3129598e+31
   1.6926983e+15   1.7711367e+03   2.3048224e+31
   1.7168762e+15   1.7461946e+03   2.2965071e+31
   1.7410542e+15   1.7219453e+03   2.2880195e+31
   1.7652321e+15   1.6983602e+03   2.2793652e+31
   1.7894101e+15   1.6754125e+03   2.2705492e+31
   1.8135880e+15   1.6530767e+03   2.2615768e+31
   1.8377660e+15   1.6313285e+03   2.2524531e+31
   1.8619439e+15   1.6101452e+03   2.2431828e+31
   1.8861219e+15   1.5895049e+03   2.2337708e+31
   1.9102998e+15   1.5693872e+03   2.2242217e+31
   1.9344778e+15   1.5497723e+03   2.2145400e+31
   1.9586557e+15   1.5306416e+03   2.2047303e+31
   1.9828337e+15   1.5119776e+03   2.1947967e+31
   2.0070116e+15   1.4937632e+03   2.1847436e+31
   2.0311896e+15   1.4759824e+03   2.1745752e+31
   2.0553675e+15   1.4586199e+03   2.1642954e+31
   2.0795455e+15   1.4416612e+03   2.1539083e+31
   2.1037234e+15   1.4250923e+03   2.1434177e+31
   2.1279014e+15   1.4088999e+03   2.1328275e+31
   2.1520793e+15   1.3930713e+03   2.1221413e+31
   2.1762573e+15   1.3775945e+03   2.1113630e+31
   2.2004352e+15   1.3624578e+03   2.1004959e+31
   2.2246132e+15   1.3476500e+03   2.0895438e+31
   2.2487911e+15   1.3331607e+03   2.0785099e+31
   2.2729691e+15   1.3189797e+03   2.0673978e+31
   2.2971470e+15   1.3050971e+03   2.0562107e+31
   2.3213250e+15   1.2915038e+03   2.0449519e+31
   2.3455029e+15   1.2781907e+03   2.0336245e+31
   2.3696809e+15   1.2651493e+03   2.0222318e+31
   2.3938588e+15   1.2523713e+03   2.0107769e+31
   2.4180368e+15   1.2398488e+03   1.9992626e+31
   2.4422147e+15   1.2275743e+03   1.9876921e+31
   2.4663926e+15   1.2155404e+03   1.9760683e+31
   2.4905706e+15   1.2037402e+03   1.9643939e+31
   2.5147485e+15   1.1921669e+03   1.9526719e+31
   2.5389265e+15   1.1808140e+03   1.9409049e+31
   2.5631044e+15   1.1696753e+03   1.9290958e+31
   2.5872824e+15   1.1587448e+03   1.9172471e+31
   2.6114603e+15   1.1480167e+03   1.9053616e+31
   2.6356383e+15   1.1374854e+03   1.8934417e+31
   2.6598162e+15   1.1271455e+03   1.8814900e+31
   2.6839942e+15   1.1169920e+03   1.8695090e+31
   2.7081721e+15   1.1070197e+03   1.8575010e+31
   2.7323501e+15   1.0972240e+03   1.8454686e+31
   2.7565280e+15   1.0876000e+03   1.8334141e+31
   2.7807060e+15   1.0781435e+03   1.8213397e+31
   2.8048839e+15   1.0688499e+03   1.8092478e+31
   2.8290619e+15   1.0597152e+03   1.7971404e+31
   2.8532398e+15   1.0507354e+03   1.7850200e+31
   2.8774178e+15   1.0419064e+03   1.7728884e+31
   2.9015957e+15   1.0332246e+03   1.7607480e+31
   2.9257737e+15   1.0246862e+03   1.7486007e+31
   2.9499516e+15   1.0162878e+03   1.7364486e+31
   2.9741296e+15   1.0080260e+03   1.7242935e+31
   2.9983075e+15   9.9989743e+02   1.7121376e+31
   3.0224855e+15   9.9189889e+02   1.6999827e+31
   3.0466634e+15   9.8402730e+02   1.6878306e+31
   3.0708414e+15   9.7627966e+02   1.6756832e+31
   3.0950193e+15   9.6865307e+02   1.6635423e+31
   3.1191973e+15   9.6114472e+02   1.6514096e+31
   3.1433752e+15   9.5375187e+02   1.6392869e+31
   3.1675532e+15   9.4647187e+02   1.6271759e+31
   3.1917311e+15   9.3930217e+02   1.6150782e+31
   3.2159091e+15   9.3224028e+02   1.6029954e+31
   3.2400870e+15   9.2528378e+02   1.5909291e+31
   3.2642650e+15   9.1843034e+02   1.5788809e+31
   3.2884429e+15   9.1167767e+02   1.5668523e+31
   3.3126209e+15   9.0502357e+02   1.5548448e+31
   3.3367988e+15   8.9846591e+02   1.5428597e+31
   3.3609768e+15   8.9200259e+02   1.5308987e+31
   3.3851547e+15   8.8563160e+02   1.5189629e+31
   3.4093327e+15   8.7935097e+02   1.5070538e+31
   3.4335106e+15   8.7315879e+02   1.4951728e+31
   3.4576886e+15   8.6705321e+02   1.4833210e+31
   3.4818665e+15   8.6103243e+02   1.4714998e+31
   3.5060445e+15   8.5509468e+02   1.4597104e+31
   3.5302224e+15   8.4923827e+02   1.4479540e+31
   3.5544004e+15   8.4346153e+02   1.4362317e+31
   3.5785783e+15   8.3776285e+02   1.4245448e+31
   3.6027563e+15   8.3214066e+02   1.4128943e+31
   3.6269342e+15   8.2659343e+02   1.4012813e+31
   3.6511122e+15   8.2111966e+02   1.3897069e+31
   3.6752901e+15   8.1571791e+02   1.3781720e+31
   3.6994681e+15   8.1038677e+02   1.3666778e+31
   3.7236460e+15   8.0512486e+02   1.3552251e+31
   3.7478240e+15   7.9993084e+02   1.3438150e+31
   3.7720019e+15   7.9480341e+02   1.3324483e+31
   3.7961799e+15   7.8974129e+02   1.3211260e+31
   3.8203578e+15   7.8474324e+02   1.3098488e+31
   3.8445358e+15   7.7980806e+02   1.2986177e+31
   3.8687137e+15   7.7493457e+02   1.2874335e+31
   3.8928917e+15   7.7012161e+02   1.2762970e+31
   3.9170696e+15   7.6536806e+02   1.2652089e+31
   3.9412476e+15   7.6067284e+02   1.2541699e+31
   3.9654255e+15   7.5603488e+02   1.2431809e+31
   3.9896035e+15   7.5145312e+02   1.2322425e+31
   4.0137814e+15   7.4692657e+02   1.2213553e+31
   4.0379594e+15   7.4245422e+02   1.2105201e+31
   4.0621373e+15   7.3803512e+02   1.1997374e+31
   4.0863153e+15   7.3366830e+02   1.1890079e+31
   4.1104932e+15   7.2935286e+02   1.1783322e+31
   4.1346712e+15   7.2508789e+02   1.1677107e+31
   4.1588491e+15   7.2087251e+02   1.1571441e+31
   4.1830271e+15   7.1670586e+02   1.1466329e+31
   4.2072050e+15   7.1258709e+02   1.1361776e+31
   4.2313830e+15   7.0851540e+02   1.1257786e+31
   4.2555609e+15   7.0448997e+02   1.1154365e+31
   4.2797389e+15   7.0051003e+02   1.1051516e+31
   4.3039168e+15   6.9657480e+02   1.0949244e+31
   4.3280948e+15   6.9268354e+02   1.0847553e+31
   4.3522727e+15   6.8883551e+02   1.0746447e+31
   4.3764507e+15   6.8503000e+02   1.0645929e+31
   4.4006286e+15   6.8126630e+02   1.0546002e+31
   4.4248066e+15   6.7754374e+02   1.0446671e+31
   4.4489845e+15   6.7386164e+02   1.0347939e+31
   4.4731625e+15   6.7021934e+02   1.0249807e+31
   4.4973404e+15   6.6661620e+02   1.0152280e+31
   4.5215184e+15   6.6305160e+02   1.0055360e+31
   4.5456963e+15   6.5952492e+02   9.9590480e+30
   4.5698743e+15   6.5603555e+02   9.8633479e+30
   4.5940522e+15   6.5258292e+02   9.7682614e+30
   4.6182302e+15   6.4916643e+02   9.6737905e+30
   4.6424081e+15   6.4578553e+02   9.5799370e+30
   4.6665861e+15   6.4243967e+02   9.4867027e+30
   4.6907640e+15   6.3912829e+02   9.3940889e+30
   4.7149420e+15   6.3585088e+02   9.3020973e+30
   4.7391199e+15   6.3260691e+02   9.2107289e+30
   4.7632979e+15   6.2939587e+02   9.1199850e+30
   4.7874758e+15   6.2621726e+02   9.0298666e+30
   4.8116538e+15   6.2307060e+02   8.9403744e+30
   4.8358317e+15   6.1995540e+02   8.8515093e+30
   4.8600097e+15   6.1687120e+02   8.7632718e+30
   4.8841876e+15   6.1381753e+02   8.6756624e+30
   4.9083656e+15   6.1079395e+02   8.5886816e+30
   4.9325435e+15   6.0780001e+02   8.5023294e+30
   4.9567215e+15   6.0483528e+02   8.4166061e+30
   4.9808994e+15   6.0189933e+02   8.3315116e+30
   5.0050774e+15   5.9899174e+02   8.2470459e+30
   5.0292553e+15   5.9611211e+02   8.1632088e+30
   5.0534333e+15   5.9326004e+02   8.0799998e+30
   5.0776112e+15   5.9043512e+02   7.9974187e+30
   5.1017892e+15   5.8763698e+02   7.9154649e+30
   5.1259671e+15   5.8486524e+02   7.8341377e+30
   5.1501451e+15   5.8211952e+02   7.7534365e+30
   5.1743230e+15   5.7939947e+02   7.6733605e+30
   5.1985010e+15   5.7670471e+02   7.5939086e+30
   5.2226789e+15   5.7403491e+02   7.5150800e+30
   5.2468569e+15   5.7138971e+02   7.4368736e+30
   5.2710348e+15   5.6876877e+02   7.3592881e+30
   5.2952128e+15   5.6617177e+02   7.2823224e+30
   5.3193907e+15   5.6359838e+02   7.2059750e+30
   5.3435687e+15   5.6104828e+02   7.1302447e+30
   5.3677466e+15   5.5852115e+02   7.0551298e+30
   5.3919246e+15   5.5601668e+02   6.9806288e+30
   5.4161025e+15   5.5353457e+02   6.9067401e+30
   5.4402805e+15   5.5107453e+02   6.8334620e+30
   5.4644584e+15   5.4863626e+02   6.7607927e+30
   5.4886364e+15   5.4621946e+02   6.6887302e+30
   5.5128143e+15   5.4382387e+02   6.6172728e+30
   5.5369923e+15   5.4144919e+02   6.5464184e+30
   5.5611702e+15   5.3909517e+02   6.4761650e+30
   5.5853482e+15   5.3676153e+02   6.4065105e+30
   5.6095261e+15   5.3444800e+02   6.3374526e+30
   5.6337041e+15   5.3215433e+02   6.2689893e+30
   5.6578820e+15   5.2988026e+02   6.2011182e+30
   5.6820600e+15   5.2762555e+02   6.1338370e+30
   5.7062379e+15   5.2538994e+02   6.0671433e+30
   5.7304159e+15   5.2317320e+02   6.0010346e+30
   5.7545938e+15   5.2097509e+02   5.9355086e+30
   5.7787718e+15   5.1879536e+02   5.8705627e+30
   5.8029497e+15   5.1663381e+02   5.8061942e+30
   5.8271277e+15   5.1449019e+02   5.7424007e+30
   5.8513056e+15   5.1236428e+02   5.6791793e+30
   5.8754836e+15   5.1025587e+02   5.6165275e+30
   5.8996615e+15   5.0816475e+02   5.5544425e+30
   5.9238395e+15   5.0609069e+02   5.4929215e+30
   5.9480174e+15   5.0403349e+02   5.4319618e+30
   5.9721954e+15   5.0199296e+02   5.3715603e+30
   5.9963733e+15   4.9996887e+02   5.3117144e+30
   6.0205513e+15   4.9796105e+02   5.2524210e+30
   6.0447292e+15   4.9596928e+02   5.1936772e+30
   6.0689072e+15   4.9399339e+02   5.1354801e+30
   6.0930851e+15   4.9203317e+02   5.0778266e+30
   6.1172631e+15   4.9008846e+02   5.0207137e+30
   6.1414410e+15   4.8815905e+02   4.9641384e+30
   6.1656190e+15   4.8624477e+02   4.9080975e+30
   6.1897969e+15   4.8434546e+02   4.8525880e+30
   6.2139749e+15   4.8246092e+02   4.7976067e+30
   6.2381528e+15   4.8059098e+02   4.7431505e+30
   6.2623308e+15   4.7873549e+02   4.6892162e+30
   6.2865087e+15   4.7689427e+02   4.6358007e+30
   6.3106867e+15   4.7506716e+02   4.5829006e+30
   6.3348646e+15   4.7325400e+02   4.5305129e+30
   6.3590426e+15   4.7145462e+02   4.4786342e+30
   6.3832205e+15   4.6966888e+02   4.4272613e+30
   6.4073985e+15   4.6789661e+02   4.3763909e+30
   6.4315764e+15   4.6613766e+02   4.3260198e+30
   6.4557544e+15   4.6439190e+02   4.2761447e+30
   6.4799323e+15   4.6265915e+02   4.2267621e+30
   6.5041103e+15   4.6093930e+02   4.1778689e+30
   6.5282882e+15   4.5923218e+02   4.1294617e+30
   6.5524662e+15   4.5753766e+02   4.0815372e+30
   6.5766441e+15   4.5585559e+02   4.0340920e+30
   6.6008221e+15   4.5418585e+02   3.9871227e+30
   6.6250000e+15   4.5252830e+02   3.9406261e+30
   6.6491779e+15   4.5088280e+02   3.8945988e+30
   6.6733559e+15   4.4924923e+02   3.8490373e+30
   6.6975338e+15   4.4762745e+02   3.8039384e+30
   6.7217118e+15   4.4601734e+02   3.7592986e+30
   6.7458897e+15   4.4441877e+02   3.7151146e+30
   6.7700677e+15   4.4283161e+02   3.6713831e+30
   6.7942456e+15   4.4125576e+02   3.6281005e+30
   6.8184236e+15   4.3969107e+02   3.5852636e+30
   6.8426015e+15   4.3813745e+02   3.5428690e+30
   6.8667795e+15   4.3659477e+02   3.5009132e+30
   6.8909574e+15   4.3506291e+02   3.4593931e+30
   6.9151354e+15   4.3354176e+02   3.4183050e+30
   6.9393133e+15   4.3203122e+02   3.3776458e+30
   6.9634913e+15   4.3053116e+02   3.3374120e+30
   6.9876692e+15   4.2904149e+02   3.2976002e+30
   7.0118472e+15   4.2756208e+02   3.2582072e+30
   7.0360251e+15   4.2609285e+02   3.2192295e+30
   7.0602031e+15   4.2463368e+02   3.1806639e+30
   7.0843810e+15   4.2318446e+02   3.1425069e+30
   7.1085590e+15   4.2174511e+02   3.1047553e+30
   7.1327369e+15   4.2031551e+02   3.0674056e+30
   7.1569149e+15   4.1889558e+02   3.0304547e+30
   7.1810928e+15   4.1748520e+02   2.9938992e+30
   7.2052708e+15   4.1608429e+02   2.9577358e+30
   7.2294487e+15   4.1469275e+02   2.9219612e+30
   7.2536267e+15   4.1331049e+02   2.8865722e+30
   7.2778046e+15   4.1193741e+02   2.8515654e+30
   7.3019826e+15   4.1057342e+02   2.8169375e+30
   7.3261605e+15   4.0921844e+02   2.7826855e+30
   7.3503385e+15   4.0787237e+02   2.7488059e+30
   7.3745164e+15   4.0653513e+02   2.7152956e+30
   7.3986944e+15   4.0520663e+02   2.6821513e+30
   7.4228723e+15   4.0388678e+02   2.6493700e+30
   7.4470503e+15   4.0257550e+02   2.6169482e+30
   7.4712282e+15   4.0127271e+02   2.5848830e+30
   7.4954062e+15   3.9997832e+02   2.5531710e+30
   7.5195841e+15   3.9869226e+02   2.5218093e+30
   7.5437621e+15   3.9741444e+02   2.4907945e+30
   7.5679400e+15   3.9614479e+02   2.4601237e+30
   7.5921180e+15   3.9488322e+02   2.4297936e+30
   7.6162959e+15   3.9362966e+02   2.3998012e+30
   7.6404739e+15   3.9238404e+02   2.3701435e+30
   7.6646518e+15   3.9114627e+02   2.3408172e+30
   7.6888298e+15   3.8991629e+02   2.3118195e+30
   7.7130077e+15   3.8869402e+02   2.2831472e+30
   7.7371857e+15   3.8747939e+02   2.2547973e+30
   7.7613636e+15   3.8627233e+02   2.2267668e+30
   7.7855416e+15   3.8507276e+02   2.1990528e+30
   7.8097195e+15   3.8388062e+02   2.1716522e+30
   7.8338975e+15   3.8269584e+02   2.1445621e+30
   7.8580754e+15   3.8151835e+02   2.1177796e+30
   7.8822534e+15   3.8034809e+02   2.0913017e+30
   7.9064313e+15   3.7918498e+02   2.0651255e+30
   7.9306093e+15   3.7802896e+02   2.0392481e+30
   7.9547872e+15   3.7687997e+02   2.0136667e+30
   7.9789652e+15   3.7573795e+02   1.9883784e+30
   8.0031431e+15   3.7460282e+02   1.9633804e+30
   8.0273211e+15   3.7347453e+02   1.9386698e+30
   8.0514990e+15   3.7235302e+02   1.9142438e+30
   8.0756770e+15   3.7123823e+02   1.8900997e+30
   8.0998549e+15   3.7013009e+02   1.8662346e+30
   8.1240329e+15   3.6902854e+02   1.8426459e+30
   8.1482108e+15   3.6793353e+02   1.8193307e+30
   8.1723888e+15   3.6684500e+02   1.7962865e+30
   8.1965667e+15   3.6576290e+02   1.7735104e+30
   8.2207447e+15   3.6468716e+02   1.7509998e+30
   8.2449226e+15   3.6361772e+02   1.7287520e+30
   8.2691006e+15   3.6255455e+02   1.7067645e+30
   8.2932785e+15   3.6149757e+02   1.6850345e+30
   8.3174565e+15   3.6044673e+02   1.6635594e+30
   8.3416344e+15   3.5940199e+02   1.6423368e+30
   8.3658124e+15   3.5836328e+02   1.6213639e+30
   8.3899903e+15   3.5733057e+02   1.6006383e+30
   8.4141683e+15   3.5630378e+02   1.5801574e+30
   8.4383462e+15   3.5528289e+02   1.5599188e+30
   8.4625242e+15   3.5426782e+02   1.5399198e+30
   8.4867021e+15   3.5325854e+02   1.5201581e+30
   8.5108801e+15   3.5225499e+02   1.5006311e+30
   8.5350580e+15   3.5125713e+02   1.4813365e+30
   8.5592360e+15   3.5026491e+02   1.4622718e+30
   8.5834139e+15   3.4927827e+02   1.4434347e+30
   8.6075919e+15   3.4829718e+02   1.4248226e+30
   8.6317698e+15   3.4732159e+02   1.4064334e+30
   8.6559478e+15   3.4635144e+02   1.3882645e+30
   8.6801257e+15   3.4538670e+02   1.3703137e+30
   8.7043037e+15   3.4442732e+02   1.3525788e+30
   8.7284816e+15   3.4347326e+02   1.3350573e+30
   8.7526596e+15   3.4252446e+02   1.3177470e+30
   8.7768375e+15   3.4158089e+02   1.3006457e+30
   8.8010155e+15   3.4064251e+02   1.2837512e+30
   8.8251934e+15   3.3970927e+02   1.2670611e+30
   8.8493714e+15   3.3878113e+02   1.2505734e+30
   8.8735493e+15   3.3785804e+02   1.2342858e+30
   8.8977273e+15   3.3693997e+02   1.2181962e+30
   8.9219052e+15   3.3602688e+02   1.2023024e+30
   8.9460832e+15   3.3511873e+02   1.1866023e+30
   8.9702611e+15   3.3421547e+02   1.1710938e+30
   8.9944391e+15   3.3331706e+02   1.1557748e+30
   9.0186170e+15   3.3242347e+02   1.1406433e+30
   9.0427950e+15   3.3153466e+02   1.1256971e+30
   9.0669729e+15   3.3065060e+02   1.1109343e+30
   9.0911509e+15   3.2977123e+02   1.0963528e+30
   9.1153288e+15   3.2889653e+02   1.0819506e+30
   9.1395068e+15   3.2802645e+02   1.0677258e+30
   9.1636847e+15   3.2716097e+02   1.0536764e+30
   9.1878627e+15   3.2630004e+02   1.0398004e+30
   9.2120406e+15   3.2544364e+02   1.0260959e+30
   9.2362186e+15   3.2459171e+02   1.0125610e+30
   9.2603965e+15   3.2374424e+02   9.9919385e+29
   9.2845745e+15   3.2290117e+02   9.8599248e+29
   9.3087524e+15   3.2206249e+02   9.7295508e+29
   9.3329304e+15   3.2122815e+02   9.6007980e+29
   9.3571083e+15   3.2039813e+02   9.4736481e+29
   9.3812863e+15   3.1957238e+02   9.3480831e+29
   9.4054642e+15   3.1875088e+02   9.2240850e+29
   9.4296422e+15   3.1793359e+02   9.1016361e+29
   9.4538201e+15   3.1712048e+02   8.9807188e+29
   9.4779981e+15   3.1631152e+02   8.8613156e+29
   9.5021760e+15   3.1550668e+02   8.7434094e+29
   9.5263540e+15   3.1470592e+02   8.6269830e+29
   9.5505319e+15   3.1390922e+02   8.5120194e+29
   9.5747099e+15   3.1311654e+02   8.3985020e+29
   9.5988878e+15   3.1232785e+02   8.2864141e+29
   9.6230658e+15   3.1154313e+02   8.1757393e+29
   9.6472437e+15   3.1076234e+02   8.0664613e+29
   9.6714217e+15   3.0998545e+02   7.9585640e+29
   9.6955996e+15   3.0921244e+02   7.8520314e+29
   9.7197776e+15   3.0844327e+02   7.7468476e+29
   9.7439555e+15   3.0767792e+02   7.6429971e+29
   9.7681335e+15   3.0691636e+02   7.5404644e+29
   9.7923114e+15   3.0615856e+02   7.4392340e+29
   9.8164894e+15   3.0540450e+02   7.3392908e+29
   9.8406673e+15   3.0465414e+02   7.2406198e+29
   9.8648453e+15   3.0390745e+02   7.1432060e+29
   9.8890232e+15   3.0316442e+02   7.0470347e+29
   9.9132012e+15   3.0242501e+02   6.9520914e+29
   9.9373791e+15   3.0168920e+02   6.8583616e+29
   9.9615571e+15   3.0095697e+02   6.7658309e+29
   9.9857350e+15   3.0022828e+02   6.6744853e+29
   1.0009913e+16   2.9950310e+02   6.5843107e+29
   1.0034091e+16   2.9878143e+02   6.4952932e+29
   1.0058269e+16   2.9806322e+02   6.4074192e+29
   1.0082447e+16   2.9734846e+02   6.3206751e+29
   1.0106625e+16   2.9663711e+02   6.2350473e+29
   1.0130803e+16   2.9592917e+02   6.1505227e+29
   1.0154981e+16   2.9522459e+02   6.0670880e+29
   1.0179159e+16   2.9452336e+02   5.9847302e+29
   1.0203337e+16   2.9382545e+02   5.9034365e+29
   1.0227515e+16   2.9313085e+02   5.8231940e+29
   1.0251692e+16   2.9243952e+02   5.7439902e+29
   1.0275870e+16   2.9175144e+02   5.6658126e+29
   1.0300048e+16   2.9106659e+02   5.5886487e+29
   1.0324226e+16   2.9038496e+02   5.5124865e+29
   1.0348404e+16   2.8970650e+02   5.4373138e+29
   1.0372582e+16   2.8903121e+02   5.3631186e+29
   1.0396760e+16   2.8835906e+02   5.2898891e+29
   1.0420938e+16   2.8769003e+02   5.2176137e+29
   1.0445116e+16   2.8702410e+02   5.1462806e+29
   1.0469294e+16   2.8636124e+02   5.0758784e+29
   1.0493472e+16   2.8570144e+02   5.0063959e+29
   1.0517650e+16   2.8504467e+02   4.9378218e+29
   1.0541828e+16   2.8439091e+02   4.8701450e+29
   1.0566006e+16   2.8374014e+02   4.8033545e+29
   1.0590184e+16   2.8309235e+02   4.7374395e+29
   1.0614362e+16   2.8244751e+02   4.6723892e+29
   1.0638540e+16   2.8180560e+02   4.6081931e+29
   1.0662718e+16   2.8116659e+02   4.5448407e+29
   1.0686896e+16   2.8053049e+02   4.4823215e+29
   1.0711074e+16   2.7989725e+02   4.4206253e+29
   1.0735251e+16   2.7926686e+02   4.3597419e+29
   1.0759429e+16   2.7863931e+02   4.2996613e+29
   1.0783607e+16   2.7801457e+02   4.2403736e+29
   1.0807785e+16   2.7739263e+02   4.1818690e+29
   1.0831963e+16   2.7677346e+02   4.1241377e+29
   1.0856141e+16   2.7615706e+02   4.0671701e+29
   1.0880319e+16   2.7554339e+02   4.0109568e+29
   1.0904497e+16   2.7493244e+02   3.9554883e+29
   1.0928675e+16   2.7432420e+02   3.9007554e+29
   1.0952853e+16   2.7371864e+02   3.8467489e+29
   1.0977031e+16   2.7311575e+02   3.7934597e+29
   1.1001209e+16   2.7251551e+02   3.7408789e+29
   1.1025387e+16   2.7191790e+02   3.6889975e+29
   1.1049565e+16   2.7132290e+02   3.6378069e+29
   1.1073743e+16   2.7073051e+02   3.5872983e+29
   1.1097921e+16   2.7014069e+02   3.5374632e+29
   1.1122099e+16   2.6955344e+02   3.4882932e+29
   1.1146277e+16   2.6896874e+02   3.4397797e+29
   1.1170455e+16   2.6838657e+02   3.3919146e+29
   1.1194632e+16   2.6780692e+02   3.3446897e+29
   1.1218810e+16   2.6722976e+02   3.2980969e+29
   1.1242988e+16   2.6665508e+02   3.2521282e+29
   1.1267166e+16   2.6608287e+02   3.2067756e+29
   1.1291344e+16   2.6551312e+02   3.1620315e+29
   1.1315522e+16   2.6494579e+02   3.1178880e+29
   1.1339700e+16   2.6438089e+02   3.0743375e+29
   1.1363878e+16   2.6381839e+02   3.0313725e+29
   1.1388056e+16   2.6325827e+02   2.9889855e+29
   1.1412234e+16   2.6270054e+02   2.9471692e+29
   1.1436412e+16   2.6214516e+02   2.9059163e+29
   1.1460590e+16   2.6159212e+02   2.8652196e+29
   1.1484768e+16   2.6104141e+02   2.8250720e+29
   1.1508946e+16   2.6049301e+02   2.7854664e+29
   1.1533124e+16   2.5994692e+02   2.7463959e+29
   1.1557302e+16   2.5940311e+02   2.7078537e+29
   1.1581480e+16   2.5886157e+02   2.6698329e+29
   1.1605658e+16   2.5832228e+02   2.6323269e+29
   1.1629836e+16   2.5778524e+02   2.5953291e+29
   1.1654014e+16   2.5725043e+02   2.5588328e+29
   1.1678191e+16   2.5671783e+02   2.5228317e+29
   1.1702369e+16   2.5618743e+02   2.4873194e+29
   1.1726547e+16   2.5565922e+02   2.4522895e+29
   1.1750725e+16   2.5513319e+02   2.4177358e+29
   1.1774903e+16   2.5460931e+02   2.3836521e+29
   1.1799081e+16   2.5408758e+02   2.3500324e+29
   1.1823259e+16   2.5356798e+02   2.3168706e+29
   1.1847437e+16   2.5305051e+02   2.2841608e+29
   1.1871615e+16   2.5253514e+02   2.2518972e+29
   1.1895793e+16   2.5202187e+02   2.2200739e+29
   1.1919971e+16   2.5151068e+02   2.1886852e+29
   1.1944149e+16   2.5100156e+02   2.1577255e+29
   1.1968327e+16   2.5049450e+02   2.1271891e+29
   1.1992505e+16   2.4998948e+02   2.0970705e+29
   1.2016683e+16   2.4948649e+02   2.0673643e+29
   1.2040861e+16   2.4898552e+02   2.0380651e+29
   1.2065039e+16   2.4848656e+02   2.0091675e+29
   1.2089217e+16   2.4798960e+02   1.9806664e+29
   1.2113395e+16   2.4749462e+02   1.9525564e+29
   1.2137573e+16   2.4700161e+02   1.9248326e+29
   1.2161750e+16   2.4651057e+02   1.8974897e+29
   1.2185928e+16   2.4602147e+02   1.8705228e+29
   1.2210106e+16   2.4553431e+02   1.8439270e+29
   1.2234284e+16   2.4504907e+02   1.8176974e+29
   1.2258462e+16   2.4456575e+02   1.7918291e+29
   1.2282640e+16   2.4408433e+02   1.7663174e+29
   1.2306818e+16   2.4360480e+02   1.7411576e+29
   1.2330996e+16   2.4312715e+02   1.7163450e+29
   1.2355174e+16   2.4265138e+02   1.6918751e+29
   1.2379352e+16   2.4217746e+02   1.6677433e+29
   1.2403530e+16   2.4170539e+02   1.6439451e+29
   1.2427708e+16   2.4123515e+02   1.6204761e+29
   1.2451886e+16   2.4076674e+02   1.5973320e+29
   1.2476064e+16   2.4030015e+02   1.5745084e+29
   1.2500242e+16   2.3983536e+02   1.5520011e+29
   1.2524420e+16   2.3937237e+02   1.5298059e+29
   1.2548598e+16   2.3891116e+02   1.5079186e+29
   1.2572776e+16   2.3845172e+02   1.4863351e+29
   1.2596954e+16   2.3799405e+02   1.4650514e+29
   1.2621132e+16   2.3753813e+02   1.4440635e+29
   1.2645309e+16   2.3708396e+02   1.4233674e+29
   1.2669487e+16   2.3663151e+02   1.4029592e+29
   1.2693665e+16   2.3618080e+02   1.3828352e+29
   1.2717843e+16   2.3573179e+02   1.3629914e+29
   1.2742021e+16   2.3528449e+02   1.3434242e+29
   1.2766199e+16   2.3483889e+02   1.3241298e+29
   1.2790377e+16   2.3439496e+02   1.3051046e+29
   1.2814555e+16   2.3395272e+02   1.2863449e+29
   1.2838733e+16   2.3351214e+02   1.2678472e+29
   1.2862911e+16   2.3307321e+02   1.2496080e+29
   1.2887089e+16   2.3263594e+02   1.2316239e+29
   1.2911267e+16   2.3220030e+02   1.2138912e+29
   1.2935445e+16   2.3176628e+02   1.1964068e+29
   1.2959623e+16   2.3133389e+02   1.1791672e+29
   1.2983801e+16   2.3090311e+02   1.1621692e+29
   1.3007979e+16   2.3047393e+02   1.1454094e+29
   1.3032157e+16   2.3004634e+02   1.1288847e+29
   1.3056335e+16   2.2962034e+02   1.1125919e+29
   1.3080513e+16   2.2919591e+02   1.0965278e+29
   1.3104691e+16   2.2877305e+02   1.0806894e+29
   1.3128868e+16   2.2835174e+02   1.0650735e+29
   1.3153046e+16   2.2793199e+02   1.0496773e+29
   1.3177224e+16   2.2751377e+02   1.0344976e+29
   1.3201402e+16   2.2709709e+02   1.0195316e+29
   1.3225580e+16   2.2668193e+02   1.0047764e+29
   1.3249758e+16   2.2626828e+02   9.9022911e+28
   1.3273936e+16   2.2585614e+02   9.7588686e+28
   1.3298114e+16   2.2544550e+02   9.6174689e+28
   1.3322292e+16   2.2503635e+02   9.4780645e+28
   1.3346470e+16   2.2462868e+02   9.3406282e+28
   1.3370648e+16   2.2422249e+02   9.2051331e+28
   1.3394826e+16   2.2381777e+02   9.0715528e+28
   1.3419004e+16   2.2341450e+02   8.9398611e+28
   1.3443182e+16   2.2301268e+02   8.8100322e+28
   1.3467360e+16   2.2261230e+02   8.6820407e+28
   1.3491538e+16   2.2221337e+02   8.5558615e+28
   1.3515716e+16   2.2181585e+02   8.4314696e+28
   1.3539894e+16   2.2141976e+02   8.3088407e+28
   1.3564072e+16   2.2102508e+02   8.1879506e+28
   1.3588250e+16   2.2063180e+02   8.0687754e+28
   1.3612427e+16   2.2023992e+02   7.9512916e+28
   1.3636605e+16   2.1984944e+02   7.8354760e+28
   1.3660783e+16   2.1946033e+02   7.7213057e+28
   1.3684961e+16   2.1907260e+02   7.6087580e+28
   1.3709139e+16   2.1868623e+02   7.4978106e+28
   1.3733317e+16   2.1830123e+02   7.3884415e+28
   1.3757495e+16   2.1791758e+02   7.2806290e+28
   1.3781673e+16   2.1753527e+02   7.1743516e+28
   1.3805851e+16   2.1715431e+02   7.0695881e+28
   1.3830029e+16   2.1677467e+02   6.9663176e+28
   1.3854207e+16   2.1639636e+02   6.8645196e+28
   1.3878385e+16   2.1601937e+02   6.7641737e+28
   1.3902563e+16   2.1564369e+02   6.6652598e+28
   1.3926741e+16   2.1526932e+02   6.5677580e+28
   1.3950919e+16   2.1489624e+02   6.4716490e+28
   1.3975097e+16   2.1452445e+02   6.3769133e+28
   1.3999275e+16   2.1415395e+02   6.2835320e+28
   1.4023453e+16   2.1378473e+02   6.1914863e+28
   1.4047631e+16   2.1341677e+02   6.1007576e+28
   1.4071809e+16   2.1305009e+02   6.0113277e+28
   1.4095986e+16   2.1268465e+02   5.9231785e+28
   1.4120164e+16   2.1232047e+02   5.8362923e+28
   1.4144342e+16   2.1195754e+02   5.7506514e+28
   1.4168520e+16   2.1159584e+02   5.6662386e+28
   1.4192698e+16   2.1123538e+02   5.5830367e+28
   1.4216876e+16   2.1087614e+02   5.5010289e+28
   1.4241054e+16   2.1051812e+02   5.4201986e+28
   1.4265232e+16   2.1016132e+02   5.3405294e+28
   1.4289410e+16   2.0980572e+02   5.2620050e+28
   1.4313588e+16   2.0945133e+02   5.1846094e+28
   1.4337766e+16   2.0909813e+02   5.1083269e+28
   1.4361944e+16   2.0874612e+02   5.0331420e+28
   1.4386122e+16   2.0839529e+02   4.9590393e+28
   1.4410300e+16   2.0804564e+02   4.8860037e+28
   1.4434478e+16   2.0769716e+02   4.8140202e+28
   1.4458656e+16   2.0734984e+02   4.7430741e+28
   1.4482834e+16   2.0700369e+02   4.6731508e+28
   1.4507012e+16   2.0665869e+02   4.6042361e+28
   1.4531190e+16   2.0631484e+02   4.5363158e+28
   1.4555368e+16   2.0597213e+02   4.4693759e+28
   1.4579545e+16   2.0563055e+02   4.4034027e+28
   1.4603723e+16   2.0529011e+02   4.3383825e+28
   1.4627901e+16   2.0495079e+02   4.2743020e+28
   1.4652079e+16   2.0461260e+02   4.2111481e+28
   1.4676257e+16   2.0427551e+02   4.1489075e+28
   1.4700435e+16   2.0393954e+02   4.0875676e+28
   1.4724613e+16   2.0360467e+02   4.0271155e+28
   1.4748791e+16   2.0327090e+02   3.9675388e+28
   1.4772969e+16   2.0293822e+02   3.9088252e+28
   1.4797147e+16   2.0260662e+02   3.8509625e+28
   1.4821325e+16   2.0227611e+02   3.7939387e+28
   1.4845503e+16   2.0194668e+02   3.7377418e+28
   1.4869681e+16   2.0161832e+02   3.6823603e+28
   1.4893859e+16   2.0129102e+02   3.6277827e+28
   1.4918037e+16   2.0096478e+02   3.5739975e+28
   1.4942215e+16   2.0063960e+02   3.5209935e+28
   1.4966393e+16   2.0031547e+02   3.4687598e+28
   1.4990571e+16   1.9999239e+02   3.4172853e+28
   1.5014749e+16   1.9967034e+02   3.3665594e+28
   1.5038926e+16   1.9934934e+02   3.3165713e+28
   1.5063104e+16   1.9902936e+02   3.2673108e+28
   1.5087282e+16   1.9871041e+02   3.2187673e+28
   1.5111460e+16   1.9839247e+02   3.1709309e+28
   1.5135638e+16   1.9807556e+02   3.1237913e+28
   1.5159816e+16   1.9775965e+02   3.0773388e+28
   1.5183994e+16   1.9744475e+02   3.0315635e+28
   1.5208172e+16   1.9713086e+02   2.9864558e+28
   1.5232350e+16   1.9681796e+02   2.9420063e+28
   1.5256528e+16   1.9650605e+02   2.8982055e+28
   1.5280706e+16   1.9619512e+02   2.8550442e+28
   1.5304884e+16   1.9588518e+02   2.8125133e+28
   1.5329062e+16   1.9557622e+02   2.7706039e+28
   1.5353240e+16   1.9526823e+02   2.7293070e+28
   1.5377418e+16   1.9496121e+02   2.6886139e+28
   1.5401596e+16   1.9465515e+02   2.6485161e+28
   1.5425774e+16   1.9435006e+02   2.6090049e+28
   1.5449952e+16   1.9404591e+02   2.5700721e+28
   1.5474130e+16   1.9374272e+02   2.5317093e+28
   1.5498308e+16   1.9344048e+02   2.4939084e+28
   1.5522485e+16   1.9313917e+02   2.4566614e+28
   1.5546663e+16   1.9283880e+02   2.4199604e+28
   1.5570841e+16   1.9253937e+02   2.3837974e+28
   1.5595019e+16   1.9224086e+02   2.3481649e+28
   1.5619197e+16   1.9194328e+02   2.3130552e+28
   1.5643375e+16   1.9164662e+02   2.2784608e+28
   1.5667553e+16   1.9135087e+02   2.2443744e+28
   1.5691731e+16   1.9105604e+02   2.2107886e+28
   1.5715909e+16   1.9076211e+02   2.1776963e+28
   1.5740087e+16   1.9046909e+02   2.1450903e+28
   1.5764265e+16   1.9017696e+02   2.1129637e+28
   1.5788443e+16   1.8988573e+02   2.0813096e+28
   1.5812621e+16   1.8959539e+02   2.0501212e+28
   1.5836799e+16   1.8930593e+02   2.0193919e+28
   1.5860977e+16   1.8901736e+02   1.9891149e+28
   1.5885155e+16   1.8872967e+02   1.9592838e+28
   1.5909333e+16   1.8844285e+02   1.9298921e+28
   1.5933511e+16   1.8815690e+02   1.9009336e+28
   1.5957689e+16   1.8787182e+02   1.8724020e+28
   1.5981867e+16   1.8758760e+02   1.8442911e+28
   1.6006044e+16   1.8730424e+02   1.8165949e+28
   1.6030222e+16   1.8702173e+02   1.7893074e+28
   1.6054400e+16   1.8674008e+02   1.7624226e+28
   1.6078578e+16   1.8645927e+02   1.7359348e+28
   1.6102756e+16   1.8617931e+02   1.7098382e+28
   1.6126934e+16   1.8590018e+02   1.6841272e+28
   1.6151112e+16   1.8562189e+02   1.6587961e+28
   1.6175290e+16   1.8534443e+02   1.6338396e+28
   1.6199468e+16   1.8506780e+02   1.6092522e+28
   1.6223646e+16   1.8479200e+02   1.5850284e+28
   1.6247824e+16   1.8451702e+02   1.5611632e+28
   1.6272002e+16   1.8424285e+02   1.5376512e+28
   1.6296180e+16   1.8396950e+02   1.5144874e+28
   1.6320358e+16   1.8369695e+02   1.4916666e+28
   1.6344536e+16   1.8342522e+02   1.4691840e+28
   1.6368714e+16   1.8315428e+02   1.4470346e+28
   1.6392892e+16   1.8288415e+02   1.4252136e+28
   1.6417070e+16   1.8261481e+02   1.4037162e+28
   1.6441248e+16   1.8234626e+02   1.3825377e+28
   1.6465426e+16   1.8207850e+02   1.3616735e+28
   1.6489603e+16   1.8181153e+02   1.3411190e+28
   1.6513781e+16   1.8154534e+02   1.3208697e+28
   1.6537959e+16   1.8127992e+02   1.3009211e+28
   1.6562137e+16   1.8101528e+02   1.2812689e+28
   1.6586315e+16   1.8075142e+02   1.2619088e+28
   1.6610493e+16   1.8048832e+02   1.2428365e+28
   1.6634671e+16   1.8022599e+02   1.2240478e+28
   1.6658849e+16   1.7996441e+02   1.2055386e+28
   1.6683027e+16   1.7970360e+02   1.1873048e+28
   1.6707205e+16   1.7944354e+02   1.1693424e+28
   1.6731383e+16   1.7918423e+02   1.1516474e+28
   1.6755561e+16   1.7892567e+02   1.1342160e+28
   1.6779739e+16   1.7866786e+02   1.1170442e+28
   1.6803917e+16   1.7841079e+02   1.1001283e+28
   1.6828095e+16   1.7815445e+02   1.0834645e+28
   1.6852273e+16   1.7789885e+02   1.0670492e+28
   1.6876451e+16   1.7764399e+02   1.0508787e+28
   1.6900629e+16   1.7738985e+02   1.0349495e+28
   1.6924807e+16   1.7713644e+02   1.0192580e+28
   1.6948985e+16   1.7688375e+02   1.0038007e+28
   1.6973162e+16   1.7663179e+02   9.8857417e+27
   1.6997340e+16   1.7638054e+02   9.7357508e+27
   1.7021518e+16   1.7613000e+02   9.5880008e+27
   1.7045696e+16   1.7588017e+02   9.4424588e+27
   1.7069874e+16   1.7563105e+02   9.2990924e+27
   1.7094052e+16   1.7538264e+02   9.1578697e+27
   1.7118230e+16   1.7513493e+02   9.0187592e+27
   1.7142408e+16   1.7488791e+02   8.8817299e+27
   1.7166586e+16   1.7464160e+02   8.7467513e+27
   1.7190764e+16   1.7439597e+02   8.6137931e+27
   1.7214942e+16   1.7415104e+02   8.4828258e+27
   1.7239120e+16   1.7390679e+02   8.3538201e+27
   1.7263298e+16   1.7366323e+02   8.2267471e+27
   1.7287476e+16   1.7342034e+02   8.1015783e+27
   1.7311654e+16   1.7317814e+02   7.9782858e+27
   1.7335832e+16   1.7293661e+02   7.8568419e+27
   1.7360010e+16   1.7269576e+02   7.7372195e+27
   1.7384188e+16   1.7245557e+02   7.6193916e+27
   1.7408366e+16   1.7221605e+02   7.5033319e+27
   1.7432544e+16   1.7197720e+02   7.3890142e+27
   1.7456721e+16   1.7173901e+02   7.2764129e+27
   1.7480899e+16   1.7150147e+02   7.1655026e+27
   1.7505077e+16   1.7126460e+02   7.0562585e+27
   1.7529255e+16   1.7102837e+02   6.9486559e+27
   1.7553433e+16   1.7079280e+02   6.8426706e+27
   1.7577611e+16   1.7055787e+02   6.7382787e+27
   1.7601789e+16   1.7032359e+02   6.6354566e+27
   1.7625967e+16   1.7008996e+02   6.5341812e+27
   1.7650145e+16   1.6985696e+02   6.4344296e+27
   1.7674323e+16   1.6962460e+02   6.3361792e+27
   1.7698501e+16   1.6939288e+02   6.2394079e+27
   1.7722679e+16   1.6916178e+02   6.1440937e+27
   1.7746857e+16   1.6893132e+02   6.0502151e+27
   1.7771035e+16   1.6870149e+02   5.9577509e+27
   1.7795213e+16   1.6847228e+02   5.8666800e+27
   1.7819391e+16   1.6824369e+02   5.7769819e+27
   1.7843569e+16   1.6801572e+02   5.6886362e+27
   1.7867747e+16   1.6778837e+02   5.6016228e+27
   1.7891925e+16   1.6756163e+02   5.5159220e+27
   1.7916103e+16   1.6733550e+02   5.4315143e+27
   1.7940280e+16   1.6710999e+02   5.3483805e+27
   1.7964458e+16   1.6688508e+02   5.2665017e+27
   1.7988636e+16   1.6666077e+02   5.1858594e+27
   1.8012814e+16   1.6643707e+02   5.1064350e+27
   1.8036992e+16   1.6621396e+02   5.0282106e+27
   1.8061170e+16   1.6599146e+02   4.9511682e+27
   1.8085348e+16   1.6576955e+02   4.8752904e+27
   1.8109526e+16   1.6554823e+02   4.8005597e+27
   1.8133704e+16   1.6532750e+02   4.7269592e+27
   1.8157882e+16   1.6510736e+02   4.6544720e+27
   1.8182060e+16   1.6488781e+02   4.5830815e+27
   1.8206238e+16   1.6466884e+02   4.5127714e+27
   1.8230416e+16   1.6445044e+02   4.4435257e+27
   1.8254594e+16   1.6423263e+02   4.3753284e+27
   1.8278772e+16   1.6401540e+02   4.3081640e+27
   1.8302950e+16   1.6379873e+02   4.2420170e+27
   1.8327128e+16   1.6358264e+02   4.1768724e+27
   1.8351306e+16   1.6336712e+02   4.1127150e+27
   1.8375484e+16   1.6315217e+02   4.0495302e+27
   1.8399662e+16   1.6293778e+02   3.9873035e+27
   1.8423839e+16   1.6272395e+02   3.9260206e+27
   1.8448017e+16   1.6251069e+02   3.8656674e+27
   1.8472195e+16   1.6229798e+02   3.8062300e+27
   1.8496373e+16   1.6208583e+02   3.7476947e+27
   1.8520551e+16   1.6187423e+02   3.6900481e+27
   1.8544729e+16   1.6166319e+02   3.6332768e+27
   1.8568907e+16   1.6145269e+02   3.5773677e+27
   1.8593085e+16   1.6124274e+02   3.5223081e+27
   1.8617263e+16   1.6103334e+02   3.4680851e+27
   1.8641441e+16   1.6082448e+02   3.4146862e+27
   1.8665619e+16   1.6061616e+02   3.3620991e+27
   1.8689797e+16   1.6040838e+02   3.3103117e+27
   1.8713975e+16   1.6020113e+02   3.2593120e+27
   1.8738153e+16   1.5999443e+02   3.2090881e+27
   1.8762331e+16   1.5978825e+02   3.1596284e+27
   1.8786509e+16   1.5958261e+02   3.1109216e+27
   1.8810687e+16   1.5937749e+02   3.0629562e+27
   1.8834865e+16   1.5917290e+02   3.0157212e+27
   1.8859043e+16   1.5896883e+02   2.9692056e+27
   1.8883221e+16   1.5876529e+02   2.9233987e+27
   1.8907398e+16   1.5856227e+02   2.8782897e+27
   1.8931576e+16   1.5835977e+02   2.8338682e+27
   1.8955754e+16   1.5815778e+02   2.7901239e+27
   1.8979932e+16   1.5795631e+02   2.7470466e+27
   1.9004110e+16   1.5775535e+02   2.7046263e+27
   1.9028288e+16   1.5755490e+02   2.6628531e+27
   1.9052466e+16   1.5735496e+02   2.6217172e+27
   1.9076644e+16   1.5715552e+02   2.5812092e+27
   1.9100822e+16   1.5695660e+02   2.5413195e+27
   1.9125000e+16   1.5675817e+02   2.5020388e+27
   1.9149178e+16   1.5656025e+02   2.4633580e+27
   1.9173356e+16   1.5636282e+02   2.4252681e+27
   1.9197534e+16   1.5616589e+02   2.3877601e+27
   1.9221712e+16   1.5596946e+02   2.3508253e+27
   1.9245890e+16   1.5577352e+02   2.3144550e+27
   1.9270068e+16   1.5557807e+02   2.2786407e+27
   1.9294246e+16   1.5538312e+02   2.2433741e+27
   1.9318424e+16   1.5518865e+02   2.2086469e+27
   1.9342602e+16   1.5499466e+02   2.1744510e+27
   1.9366779e+16   1.5480116e+02   2.1407783e+27
   1.9390957e+16   1.5460815e+02   2.1076210e+27
   1.9415135e+16   1.5441561e+02   2.0749712e+27
   1.9439313e+16   1.5422355e+02   2.0428214e+27
   1.9463491e+16   1.5403197e+02   2.0111639e+27
   1.9487669e+16   1.5384087e+02   1.9799913e+27
   1.9511847e+16   1.5365024e+02   1.9492963e+27
   1.9536025e+16   1.5346008e+02   1.9190717e+27
   1.9560203e+16   1.5327039e+02   1.8893103e+27
   1.9584381e+16   1.5308117e+02   1.8600053e+27
   1.9608559e+16   1.5289242e+02   1.8311495e+27
   1.9632737e+16   1.5270413e+02   1.8027364e+27
   1.9656915e+16   1.5251630e+02   1.7747591e+27
   1.9681093e+16   1.5232894e+02   1.7472111e+27
   1.9705271e+16   1.5214204e+02   1.7200858e+27
   1.9729449e+16   1.5195559e+02   1.6933769e+27
   1.9753627e+16   1.5176960e+02   1.6670781e+27
   1.9777805e+16   1.5158406e+02   1.6411831e+27
   1.9801983e+16   1.5139898e+02   1.6156859e+27
   1.9826161e+16   1.5121435e+02   1.5905803e+27
   1.9850338e+16   1.5103017e+02   1.5658606e+27
   1.9874516e+16   1.5084644e+02   1.5415207e+27
   1.9898694e+16   1.5066315e+02   1.5175550e+27
   1.9922872e+16   1.5048031e+02   1.4939577e+27
   1.9947050e+16   1.5029791e+02   1.4707233e+27
   1.9971228e+16   1.5011596e+02   1.4478463e+27
   1.9995406e+16   1.4993444e+02   1.4253213e+27
   2.0019584e+16   1.4975336e+02   1.4031428e+27
   2.0043762e+16   1.4957272e+02   1.3813057e+27
   2.0067940e+16   1.4939251e+02   1.3598048e+27
   2.0092118e+16   1.4921274e+02   1.3386349e+27
   2.0116296e+16   1.4903340e+02   1.3177909e+27
   2.0140474e+16   1.4885449e+02   1.2972681e+27
   2.0164652e+16   1.4867601e+02   1.2770614e+27
   2.0188830e+16   1.4849796e+02   1.2571661e+27
   2.0213008e+16   1.4832033e+02   1.2375774e+27
   2.0237186e+16   1.4814313e+02   1.2182906e+27
   2.0261364e+16   1.4796635e+02   1.1993012e+27
   2.0285542e+16   1.4778999e+02   1.1806047e+27
   2.0309720e+16   1.4761405e+02   1.1621965e+27
   2.0333897e+16   1.4743853e+02   1.1440723e+27
   2.0358075e+16   1.4726343e+02   1.1262278e+27
   2.0382253e+16   1.4708874e+02   1.1086586e+27
   2.0406431e+16   1.4691447e+02   1.0913606e+27
   2.0430609e+16   1.4674061e+02   1.0743297e+27
   2.0454787e+16   1.4656716e+02   1.0575618e+27
   2.0478965e+16   1.4639412e+02   1.0410529e+27
   2.0503143e+16   1.4622148e+02   1.0247990e+27
   2.0527321e+16   1.4604926e+02   1.0087962e+27
   2.0551499e+16   1.4587744e+02   9.9304073e+26
   2.0575677e+16   1.4570602e+02   9.7752878e+26
   2.0599855e+16   1.4553501e+02   9.6225663e+26
   2.0624033e+16   1.4536439e+02   9.4722063e+26
   2.0648211e+16   1.4519418e+02   9.3241716e+26
   2.0672389e+16   1.4502436e+02   9.1784267e+26
   2.0696567e+16   1.4485494e+02   9.0349367e+26
   2.0720745e+16   1.4468592e+02   8.8936670e+26
   2.0744923e+16   1.4451729e+02   8.7545837e+26
   2.0769101e+16   1.4434905e+02   8.6176533e+26
   2.0793279e+16   1.4418121e+02   8.4828430e+26
   2.0817456e+16   1.4401375e+02   8.3501204e+26
   2.0841634e+16   1.4384668e+02   8.2194533e+26
   2.0865812e+16   1.4368000e+02   8.0908104e+26
   2.0889990e+16   1.4351371e+02   7.9641608e+26
   2.0914168e+16   1.4334780e+02   7.8394738e+26
   2.0938346e+16   1.4318227e+02   7.7167194e+26
   2.0962524e+16   1.4301713e+02   7.5958680e+26
   2.0986702e+16   1.4285236e+02   7.4768904e+26
   2.1010880e+16   1.4268798e+02   7.3597580e+26
   2.1035058e+16   1.4252397e+02   7.2444424e+26
   2.1059236e+16   1.4236034e+02   7.1309157e+26
   2.1083414e+16   1.4219708e+02   7.0191506e+26
   2.1107592e+16   1.4203420e+02   6.9091201e+26
   2.1131770e+16   1.4187169e+02   6.8007974e+26
   2.1155948e+16   1.4170956e+02   6.6941565e+26
   2.1180126e+16   1.4154779e+02   6.5891714e+26
   2.1204304e+16   1.4138639e+02   6.4858168e+26
   2.1228482e+16   1.4122536e+02   6.3840676e+26
   2.1252660e+16   1.4106470e+02   6.2838992e+26
   2.1276838e+16   1.4090440e+02   6.1852872e+26
   2.1301015e+16   1.4074446e+02   6.0882079e+26
   2.1325193e+16   1.4058489e+02   5.9926375e+26
   2.1349371e+16   1.4042568e+02   5.8985530e+26
   2.1373549e+16   1.4026683e+02   5.8059315e+26
   2.1397727e+16   1.4010834e+02   5.7147505e+26
   2.1421905e+16   1.3995020e+02   5.6249877e+26
   2.1446083e+16   1.3979243e+02   5.5366215e+26
   2.1470261e+16   1.3963500e+02   5.4496303e+26
   2.1494439e+16   1.3947794e+02   5.3639930e+26
   2.1518617e+16   1.3932122e+02   5.2796887e+26
   2.1542795e+16   1.3916486e+02   5.1966969e+26
   2.1566973e+16   1.3900885e+02   5.1149974e+26
   2.1591151e+16   1.3885318e+02   5.0345702e+26
   2.1615329e+16   1.3869787e+02   4.9553958e+26
   2.1639507e+16   1.3854290e+02   4.8774550e+26
   2.1663685e+16   1.3838828e+02   4.8007285e+26
   2.1687863e+16   1.3823400e+02   4.7251979e+26
   2.1712041e+16   1.3808007e+02   4.6508445e+26
   2.1736219e+16   1.3792647e+02   4.5776503e+26
   2.1760397e+16   1.3777322e+02   4.5055974e+26
   2.1784574e+16   1.3762031e+02   4.4346681e+26
   2.1808752e+16   1.3746774e+02   4.3648452e+26
   2.1832930e+16   1.3731551e+02   4.2961115e+26
   2.1857108e+16   1.3716362e+02   4.2284503e+26
   2.1881286e+16   1.3701206e+02   4.1618450e+26
   2.1905464e+16   1.3686083e+02   4.0962792e+26
   2.1929642e+16   1.3670994e+02   4.0317370e+26
   2.1953820e+16   1.3655938e+02   3.9682026e+26
   2.1977998e+16   1.3640915e+02   3.9056602e+26
   2.2002176e+16   1.3625925e+02   3.8440947e+26
   2.2026354e+16   1.3610968e+02   3.7834909e+26
   2.2050532e+16   1.3596044e+02   3.7238340e+26
   2.2074710e+16   1.3581152e+02   3.6651092e+26
   2.2098888e+16   1.3566294e+02   3.6073023e+26
   2.2123066e+16   1.3551467e+02   3.5503990e+26
   2.2147244e+16   1.3536673e+02   3.4943852e+26
   2.2171422e+16   1.3521911e+02   3.4392474e+26
   2.2195600e+16   1.3507182e+02   3.3849718e+26
   2.2219778e+16   1.3492484e+02   3.3315452e+26
   2.2243956e+16   1.3477819e+02   3.2789544e+26
   2.2268133e+16   1.3463185e+02   3.2271865e+26
   2.2292311e+16   1.3448583e+02   3.1762286e+26
   2.2316489e+16   1.3434013e+02   3.1260684e+26
   2.2340667e+16   1.3419474e+02   3.0766933e+26
   2.2364845e+16   1.3404966e+02   3.0280913e+26
   2.2389023e+16   1.3390490e+02   2.9802504e+26
   2.2413201e+16   1.3376046e+02   2.9331587e+26
   2.2437379e+16   1.3361632e+02   2.8868047e+26
   2.2461557e+16   1.3347249e+02   2.8411769e+26
   2.2485735e+16   1.3332897e+02   2.7962640e+26
   2.2509913e+16   1.3318577e+02   2.7520550e+26
   2.2534091e+16   1.3304286e+02   2.7085389e+26
   2.2558269e+16   1.3290027e+02   2.6657050e+26
   2.2582447e+16   1.3275798e+02   2.6235427e+26
   2.2606625e+16   1.3261599e+02   2.5820415e+26
   2.2630803e+16   1.3247431e+02   2.5411912e+26
   2.2654981e+16   1.3233293e+02   2.5009817e+26
   2.2679159e+16   1.3219185e+02   2.4614031e+26
   2.2703337e+16   1.3205108e+02   2.4224454e+26
   2.2727515e+16   1.3191060e+02   2.3840992e+26
   2.2751692e+16   1.3177042e+02   2.3463548e+26
   2.2775870e+16   1.3163053e+02   2.3092030e+26
   2.2800048e+16   1.3149095e+02   2.2726344e+26
   2.2824226e+16   1.3135166e+02   2.2366402e+26
   2.2848404e+16   1.3121266e+02   2.2012112e+26
   2.2872582e+16   1.3107396e+02   2.1663387e+26
   2.2896760e+16   1.3093556e+02   2.1320141e+26
   2.2920938e+16   1.3079744e+02   2.0982288e+26
   2.2945116e+16   1.3065961e+02   2.0649745e+26
   2.2969294e+16   1.3052208e+02   2.0322428e+26
   2.2993472e+16   1.3038483e+02   2.0000257e+26
   2.3017650e+16   1.3024788e+02   1.9683151e+26
   2.3041828e+16   1.3011121e+02   1.9371032e+26
   2.3066006e+16   1.2997482e+02   1.9063821e+26
   2.3090184e+16   1.2983872e+02   1.8761442e+26
   2.3114362e+16   1.2970291e+02   1.8463820e+26
   2.3138540e+16   1.2956738e+02   1.8170881e+26
   2.3162718e+16   1.2943214e+02   1.7882552e+26
   2.3186896e+16   1.2929717e+02   1.7598761e+26
   2.3211074e+16   1.2916249e+02   1.7319437e+26
   2.3235251e+16   1.2902809e+02   1.7044510e+26
   2.3259429e+16   1.2889396e+02   1.6773912e+26
   2.3283607e+16   1.2876012e+02   1.6507576e+26
   2.3307785e+16   1.2862655e+02   1.6245435e+26
   2.3331963e+16   1.2849326e+02   1.5987423e+26
   2.3356141e+16   1.2836024e+02   1.5733476e+26
   2.3380319e+16   1.2822751e+02   1.5483530e+26
   2.3404497e+16   1.2809504e+02   1.5237523e+26
   2.3428675e+16   1.2796285e+02   1.4995394e+26
   2.3452853e+16   1.2783093e+02   1.4757082e+26
   2.3477031e+16   1.2769928e+02   1.4522527e+26
   2.3501209e+16   1.2756791e+02   1.4291671e+26
   2.3525387e+16   1.2743680e+02   1.4064456e+26
   2.3549565e+16   1.2730596e+02   1.3840825e+26
   2.3573743e+16   1.2717539e+02   1.3620721e+26
   2.3597921e+16   1.2704509e+02   1.3404090e+26
   2.3622099e+16   1.2691506e+02   1.3190878e+26
   2.3646277e+16   1.2678529e+02   1.2981030e+26
   2.3670455e+16   1.2665578e+02   1.2774495e+26
   2.3694632e+16   1.2652655e+02   1.2571221e+26
   2.3718810e+16   1.2639757e+02   1.2371156e+26
   2.3742988e+16   1.2626886e+02   1.2174250e+26
   2.3767166e+16   1.2614041e+02   1.1980454e+26
   2.3791344e+16   1.2601222e+02   1.1789719e+26
   2.3815522e+16   1.2588429e+02   1.1601997e+26
   2.3839700e+16   1.2575662e+02   1.1417242e+26
   2.3863878e+16   1.2562920e+02   1.1235405e+26
   2.3888056e+16   1.2550205e+02   1.1056443e+26
   2.3912234e+16   1.2537515e+02   1.0880310e+26
   2.3936412e+16   1.2524851e+02   1.0706961e+26
   2.3960590e+16   1.2512213e+02   1.0536353e+26
   2.3984768e+16   1.2499600e+02   1.0368442e+26
   2.4008946e+16   1.2487012e+02   1.0203188e+26
   2.4033124e+16   1.2474450e+02   1.0040547e+26
   2.4057302e+16   1.2461913e+02   9.8804793e+25
   2.4081480e+16   1.2449401e+02   9.7229442e+25
   2.4105658e+16   1.2436914e+02   9.5679019e+25
   2.4129836e+16   1.2424453e+02   9.4153134e+25
   2.4154014e+16   1.2412016e+02   9.2651401e+25
   2.4395793e+16   1.2289004e+02   7.8881916e+25
   2.4637573e+16   1.2168407e+02   6.7145843e+25
   2.4879352e+16   1.2050153e+02   5.7145028e+25
   2.5121132e+16   1.1934176e+02   4.8624688e+25
   2.5362911e+16   1.1820410e+02   4.1367151e+25
   2.5604691e+16   1.1708792e+02   3.5186506e+25
   2.5846470e+16   1.1599263e+02   2.9924004e+25
   2.6088250e+16   1.1491764e+02   2.5444128e+25
   2.6330029e+16   1.1386239e+02   2.1631218e+25
   2.6571809e+16   1.1282634e+02   1.8386587e+25
   2.6813588e+16   1.1180898e+02   1.5626048e+25
   2.7055368e+16   1.1080981e+02   1.3277804e+25
   2.7297147e+16   1.0982833e+02   1.1280634e+25
   2.7538926e+16   1.0886408e+02   9.5823497e+24
   2.7780706e+16   1.0791662e+02   8.1384716e+24
   2.8022485e+16   1.0698551e+02   6.9110980e+24
   2.8264265e+16   1.0607033e+02   5.8679395e+24
   2.8506044e+16   1.0517068e+02   4.9814935e+24
   2.8747824e+16   1.0428615e+02   4.2283396e+24
   2.8989603e+16   1.0341639e+02   3.5885370e+24
   2.9231383e+16   1.0256100e+02   3.0451117e+24
   2.9473162e+16   1.0171966e+02   2.5836171e+24
   2.9714942e+16   1.0089200e+02   2.1917604e+24
   2.9956721e+16   1.0007771e+02   1.8590834e+24
   3.0198501e+16   9.9276451e+01   1.5766904e+24
   3.0440280e+16   9.8487923e+01   1.3370157e+24
   3.0682060e+16   9.7711823e+01   1.1336265e+24
   3.0923839e+16   9.6947858e+01   9.6105365e+23
   3.1165619e+16   9.6195747e+01   8.1464843e+23
   3.1407398e+16   9.5455216e+01   6.9046001e+23
   3.1649178e+16   9.4725999e+01   5.8513126e+23
   3.1890957e+16   9.4007839e+01   4.9580998e+23
   3.2132737e+16   9.3300487e+01   4.2007336e+23
   3.2374516e+16   9.2603700e+01   3.5586366e+23
   3.2616296e+16   9.1917243e+01   3.0143345e+23
   3.2858075e+16   9.1240889e+01   2.5529907e+23
   3.3099855e+16   9.0574415e+01   2.1620098e+23
   3.3341634e+16   8.9917608e+01   1.8307008e+23
   3.3583414e+16   8.9270257e+01   1.5499905e+23
   3.3825193e+16   8.8632161e+01   1.3121795e+23
   3.4066973e+16   8.8003123e+01   1.1107354e+23
   3.4308752e+16   8.7382950e+01   9.4011673e+22
   3.4550532e+16   8.6771457e+01   7.9562293e+22
   3.4792311e+16   8.6168463e+01   6.7326764e+22
   3.5034091e+16   8.5573792e+01   5.6967045e+22
   3.5275870e+16   8.4987272e+01   4.8196524e+22
   3.5517650e+16   8.4408738e+01   4.0772219e+22
   3.5759429e+16   8.3838027e+01   3.4488168e+22
   3.6001209e+16   8.3274981e+01   2.9169808e+22
   3.6242988e+16   8.2719448e+01   2.4669208e+22
   3.6484768e+16   8.2171278e+01   2.0861021e+22
   3.6726547e+16   8.1630325e+01   1.7639046e+22
   3.6968327e+16   8.1096448e+01   1.4913320e+22
   3.7210106e+16   8.0569509e+01   1.2607638e+22
   3.7451886e+16   8.0049373e+01   1.0657462e+22
   3.7693665e+16   7.9535911e+01   9.0081362e+21
   3.7935445e+16   7.9028993e+01   7.6133828e+21
   3.8177224e+16   7.8528496e+01   6.4340200e+21
   3.8419004e+16   7.8034298e+01   5.4368781e+21
   3.8660783e+16   7.7546282e+01   4.5938804e+21
   3.8902563e+16   7.7064331e+01   3.8812631e+21
   3.9144342e+16   7.6588335e+01   3.2789154e+21
   3.9386122e+16   7.6118182e+01   2.7698197e+21
   3.9627901e+16   7.5653767e+01   2.3395769e+21
   3.9869681e+16   7.5194984e+01   1.9760053e+21
   4.0111460e+16   7.4741732e+01   1.6687998e+21
   4.0353240e+16   7.4293911e+01   1.4092436e+21
   4.0595019e+16   7.3851424e+01   1.1899646e+21
   4.0836799e+16   7.3414178e+01   1.0047279e+21
   4.1078578e+16   7.2982078e+01   8.4826147e+20
   4.1320358e+16   7.2555035e+01   7.1610751e+20
   4.1562137e+16   7.2132960e+01   6.0449717e+20
   4.1803917e+16   7.1715768e+01   5.1024437e+20
   4.2045696e+16   7.1303374e+01   4.3065593e+20
   4.2287476e+16   7.0895695e+01   3.6345549e+20
   4.2529255e+16   7.0492652e+01   3.0671920e+20
   4.2771035e+16   7.0094166e+01   2.5882125e+20
   4.3012814e+16   6.9700159e+01   2.1838786e+20
   4.3254594e+16   6.9310557e+01   1.8425825e+20
   4.3496373e+16   6.8925287e+01   1.5545174e+20
   4.3738153e+16   6.8544276e+01   1.3113987e+20
   4.3979932e+16   6.8167454e+01   1.1062282e+20
   4.4221712e+16   6.7794752e+01   9.3309493e+19
   4.4463491e+16   6.7426104e+01   7.8700654e+19
   4.4705271e+16   6.7061444e+01   6.6374696e+19
   4.4947050e+16   6.6700706e+01   5.5975598e+19
   4.5188830e+16   6.6343829e+01   4.7202739e+19
   4.5430609e+16   6.5990750e+01   3.9802302e+19
   4.5672389e+16   6.5641410e+01   3.3560005e+19
   4.5914168e+16   6.5295749e+01   2.8294949e+19
   4.6155948e+16   6.4953709e+01   2.3854436e+19
   4.6397727e+16   6.4615234e+01   2.0109581e+19
   4.6639507e+16   6.4280268e+01   1.6951602e+19
   4.6881286e+16   6.3948757e+01   1.4288696e+19
   4.7123066e+16   6.3620648e+01   1.2043392e+19
   4.7364845e+16   6.3295889e+01   1.0150318e+19
   4.7606625e+16   6.2974429e+01   8.5543171e+18
   4.7848404e+16   6.2656217e+01   7.2088525e+18
   4.8090184e+16   6.2341205e+01   6.0746641e+18
   4.8331963e+16   6.2029345e+01   5.1186327e+18
   4.8573743e+16   6.1720589e+01   4.3128212e+18
   4.8815522e+16   6.1414891e+01   3.6336657e+18
   4.9057302e+16   6.1112207e+01   3.0612919e+18
   4.9299081e+16   6.0812492e+01   2.5789384e+18
   4.9540861e+16   6.0515703e+01   2.1724705e+18
   4.9782640e+16   6.0221796e+01   1.8299688e+18
   5.0024420e+16   5.9930730e+01   1.5413832e+18
   5.0266199e+16   5.9642464e+01   1.2982396e+18
   5.0507979e+16   5.9356959e+01   1.0933938e+18
   5.0749758e+16   5.9074173e+01   9.2082284e+17
   5.0991538e+16   5.8794069e+01   7.7544944e+17
   5.1233317e+16   5.8516609e+01   6.5299374e+17
   5.1475097e+16   5.8241756e+01   5.4984827e+17
   5.1716876e+16   5.7969472e+01   4.6297252e+17
   5.1958656e+16   5.7699722e+01   3.8980397e+17
   5.2200435e+16   5.7432471e+01   3.2818309e+17
   5.2442215e+16   5.7167685e+01   2.7629002e+17
   5.2683994e+16   5.6905329e+01   2.3259129e+17
   5.2925774e+16   5.6645369e+01   1.9579479e+17
   5.3167553e+16   5.6387774e+01   1.6481185e+17
   5.3409333e+16   5.6132512e+01   1.3872525e+17
   5.3651112e+16   5.5879550e+01   1.1676228e+17
   5.3892892e+16   5.5628858e+01   9.8271983e+16
   5.4134671e+16   5.5380405e+01   8.2706031e+16
   5.4376451e+16   5.5134161e+01   6.9602542e+16
   5.4618230e+16   5.4890098e+01   5.8572486e+16
   5.4860010e+16   5.4648186e+01   4.9288204e+16
   5.5101789e+16   5.4408397e+01   4.1473748e+16
   5.5343569e+16   5.4170703e+01   3.4896726e+16
   5.5585348e+16   5.3935076e+01   2.9361440e+16
   5.5827128e+16   5.3701491e+01   2.4703099e+16
   5.6068907e+16   5.3469920e+01   2.0782945e+16
   5.6310687e+16   5.3240338e+01   1.7484148e+16
   5.6552466e+16   5.3012719e+01   1.4708342e+16
   5.6794246e+16   5.2787038e+01   1.2372714e+16
   5.7036025e+16   5.2563270e+01   1.0407548e+16
   5.7277805e+16   5.2341392e+01   8.7541535e+15
   5.7519584e+16   5.2121378e+01   7.3631279e+15
   5.7761364e+16   5.1903207e+01   6.1928865e+15
   5.8003143e+16   5.1686854e+01   5.2084275e+15
   5.8244923e+16   5.1472298e+01   4.3802913e+15
   5.8486702e+16   5.1259515e+01   3.6836839e+15
   5.8728482e+16   5.1048485e+01   3.0977393e+15
   5.8970261e+16   5.0839185e+01   2.6048974e+15
   5.9212041e+16   5.0631594e+01   2.1903816e+15
   5.9453820e+16   5.0425692e+01   1.8417576e+15
   5.9695600e+16   5.0221457e+01   1.5485627e+15
   5.9937379e+16   5.0018870e+01   1.3019938e+15
   6.0179159e+16   4.9817912e+01   1.0946441e+15
   6.0420938e+16   4.9618561e+01   9.2028211e+14
   6.0662718e+16   4.9420799e+01   7.7366539e+14
   6.0904497e+16   4.9224608e+01   6.5038366e+14
   6.1146277e+16   4.9029968e+01   5.4672693e+14
   6.1388056e+16   4.8836862e+01   4.5957438e+14
   6.1629836e+16   4.8645270e+01   3.8630095e+14
   6.1871615e+16   4.8455176e+01   3.2469865e+14
   6.2113395e+16   4.8266562e+01   2.7291037e+14
   6.2355174e+16   4.8079410e+01   2.2937419e+14
   6.2596954e+16   4.7893705e+01   1.9277652e+14
   6.2838733e+16   4.7709428e+01   1.6201264e+14
   6.3080513e+16   4.7526564e+01   1.3615355e+14
   6.3322292e+16   4.7345096e+01   1.1441802e+14
   6.3564072e+16   4.7165009e+01   9.6149135e+13
   6.3805851e+16   4.6986287e+01   8.0794529e+13
   6.4047631e+16   4.6808914e+01   6.7889756e+13
   6.4289410e+16   4.6632875e+01   5.7044313e+13
   6.4531190e+16   4.6458155e+01   4.7929884e+13
   6.4772969e+16   4.6284740e+01   4.0270445e+13
   6.5014749e+16   4.6112614e+01   3.3833941e+13
   6.5256528e+16   4.5941764e+01   2.8425295e+13
   6.5498308e+16   4.5772175e+01   2.3880514e+13
   6.5740087e+16   4.5603834e+01   2.0061749e+13
   6.5981867e+16   4.5436726e+01   1.6853124e+13
   6.6223646e+16   4.5270839e+01   1.4157242e+13
   6.6465426e+16   4.5106158e+01   1.1892237e+13
   6.6707205e+16   4.4942671e+01   9.9893051e+12
   6.6948985e+16   4.4780366e+01   8.3906164e+12
   6.7190764e+16   4.4619228e+01   7.0475705e+12
   6.7432544e+16   4.4459245e+01   5.9193232e+12
   6.7674323e+16   4.4300406e+01   4.9715502e+12
   6.7916103e+16   4.4142698e+01   4.1754072e+12
   6.8157882e+16   4.3986109e+01   3.5066561e+12
   6.8399662e+16   4.3830626e+01   2.9449296e+12
   6.8641441e+16   4.3676239e+01   2.4731142e+12
   6.8883221e+16   4.3522936e+01   2.0768302e+12
   6.9125000e+16   4.3370705e+01   1.7439960e+12
   6.9366779e+16   4.3219536e+01   1.4644607e+12
   6.9608559e+16   4.3069416e+01   1.2296960e+12
   6.9850338e+16   4.2920336e+01   1.0325373e+12
   7.0092118e+16   4.2772284e+01   8.6696528e+11
   7.0333897e+16   4.2625251e+01   7.2792350e+11
   7.0575677e+16   4.2479224e+01   6.1116421e+11
   7.0817456e+16   4.2334195e+01   5.1311926e+11
   7.1059236e+16   4.2190152e+01   4.3079140e+11
   7.1301015e+16   4.2047087e+01   3.6166303e+11
   7.1542795e+16   4.1904988e+01   3.0361949e+11
   7.1784574e+16   4.1763847e+01   2.5488467e+11
   7.2026354e+16   4.1623653e+01   2.1396680e+11
   7.2268133e+16   4.1484398e+01   1.7961299e+11
   7.2509913e+16   4.1346071e+01   1.5077101e+11
   7.2751692e+16   4.1208663e+01   1.2655718e+11
   7.2993472e+16   4.1072166e+01   1.0622937e+11
   7.3235251e+16   4.0936570e+01   8.9164375e+10
   7.3477031e+16   4.0801866e+01   7.4838863e+10
   7.3718810e+16   4.0668046e+01   6.2813371e+10
   7.3960590e+16   4.0535101e+01   5.2718882e+10
   7.4202369e+16   4.0403022e+01   4.4245542e+10
   7.4444149e+16   4.0271802e+01   3.7133181e+10
   7.4685928e+16   4.0141430e+01   3.1163352e+10
   7.4927708e+16   4.0011901e+01   2.6152645e+10
   7.5169487e+16   3.9883204e+01   2.1947071e+10
   7.5411267e+16   3.9755333e+01   1.8417348e+10
   7.5653046e+16   3.9628279e+01   1.5454938e+10
   7.5894826e+16   3.9502034e+01   1.2968720e+10
   7.6136605e+16   3.9376591e+01   1.0882201e+10
   7.6378385e+16   3.9251943e+01   9.1311648e+09
   7.6620164e+16   3.9128081e+01   7.6617066e+09
   7.6861944e+16   3.9004998e+01   6.4285762e+09
   7.7103723e+16   3.8882688e+01   5.3937906e+09
   7.7345503e+16   3.8761142e+01   4.5254674e+09
   7.7587282e+16   3.8640353e+01   3.7968455e+09
   7.7829062e+16   3.8520315e+01   3.1854632e+09
   7.8070841e+16   3.8401021e+01   2.6724680e+09
   7.8312621e+16   3.8282463e+01   2.2420368e+09
   7.8554400e+16   3.8164635e+01   1.8808897e+09
   7.8796180e+16   3.8047530e+01   1.5778813e+09
   7.9037959e+16   3.7931141e+01   1.3236581e+09
   7.9279739e+16   3.7815463e+01   1.1103703e+09
   7.9521518e+16   3.7700487e+01   9.3143045e+08
   7.9763298e+16   3.7586209e+01   7.8131053e+08
   8.0005077e+16   3.7472622e+01   6.5537160e+08
   8.0246857e+16   3.7359719e+01   5.4972098e+08
   8.0488636e+16   3.7247494e+01   4.6109224e+08
   8.0730416e+16   3.7135941e+01   3.8674452e+08
   8.0972195e+16   3.7025055e+01   3.2437804e+08
   8.1213975e+16   3.6914829e+01   2.7206312e+08
   8.1455754e+16   3.6805257e+01   2.2818071e+08
   8.1697534e+16   3.6696334e+01   1.9137237e+08
   8.1939313e+16   3.6588054e+01   1.6049839e+08
   8.2181093e+16   3.6480410e+01   1.3460255e+08
   8.2422872e+16   3.6373399e+01   1.1288262e+08
   8.2664652e+16   3.6267013e+01   9.4665600e+07
   8.2906431e+16   3.6161248e+01   7.9386855e+07
   8.3148211e+16   3.6056098e+01   6.6572731e+07
   8.3389990e+16   3.5951557e+01   5.5825878e+07
   8.3631770e+16   3.5847621e+01   4.6812972e+07
   8.3873549e+16   3.5744284e+01   3.9254403e+07
   8.4115329e+16   3.5641542e+01   3.2915625e+07
   8.4357108e+16   3.5539388e+01   2.7599895e+07
   8.4598888e+16   3.5437818e+01   2.3142188e+07
   8.4840667e+16   3.5336827e+01   1.9404081e+07
   8.5082447e+16   3.5236410e+01   1.6269474e+07
   8.5324226e+16   3.5136562e+01   1.3640984e+07
   8.5566006e+16   3.5037279e+01   1.1436938e+07
   8.5807785e+16   3.4938555e+01   9.5888312e+06
   8.6049565e+16   3.4840385e+01   8.0392126e+06
   8.6291344e+16   3.4742766e+01   6.7398980e+06
   8.6533124e+16   3.4645693e+01   5.6504774e+06
   8.6774903e+16   3.4549160e+01   4.7370613e+06
   8.7016683e+16   3.4453164e+01   3.9712294e+06
   8.7258462e+16   3.4357699e+01   3.3291478e+06
   8.7500242e+16   3.4262762e+01   2.7908299e+06
   8.7742021e+16   3.4168349e+01   2.3395152e+06
   8.7983801e+16   3.4074454e+01   1.9611492e+06
   8.8225580e+16   3.3981074e+01   1.6439466e+06
   8.8467360e+16   3.3888205e+01   1.3780251e+06
   8.8709139e+16   3.3795841e+01   1.1550983e+06
   8.8950919e+16   3.3703980e+01   9.6821802e+05
   8.9192698e+16   3.3612617e+01   8.1155855e+05
   8.9434478e+16   3.3521748e+01   6.8023513e+05
   8.9676257e+16   3.3431368e+01   5.7015220e+05
   8.9918037e+16   3.3341475e+01   4.7787590e+05
   9.0159816e+16   3.3252064e+01   4.0052726e+05
   9.0401596e+16   3.3163131e+01   3.3569254e+05
   9.0643375e+16   3.3074673e+01   2.8134811e+05
   9.0885155e+16   3.2986685e+01   2.3579742e+05
   9.1126934e+16   3.2899165e+01   1.9761817e+05
   9.1368714e+16   3.2812107e+01   1.6561798e+05
   9.1610493e+16   3.2725509e+01   1.3879728e+05
   9.1852273e+16   3.2639367e+01   1.1631811e+05
   9.2094052e+16   3.2553677e+01   9.7478000e+04
   9.2335832e+16   3.2468436e+01   8.1688110e+04
   9.2577611e+16   3.2383640e+01   6.8454826e+04
   9.2819391e+16   3.2299285e+01   5.7364383e+04
   9.3061170e+16   3.2215370e+01   4.8069947e+04
   9.3302950e+16   3.2131889e+01   4.0280798e+04
   9.3544729e+16   3.2048839e+01   3.3753251e+04
   9.3786509e+16   3.1966218e+01   2.8283055e+04
   9.4028288e+16   3.1884022e+01   2.3699012e+04
   9.4270068e+16   3.1802247e+01   1.9857629e+04
   9.4511847e+16   3.1720891e+01   1.6638639e+04
   9.4753627e+16   3.1639950e+01   1.3941244e+04
   9.4995406e+16   3.1559421e+01   1.1680961e+04
   9.5237186e+16   3.1479301e+01   9.7869866e+03
   9.5478965e+16   3.1399586e+01   8.1999804e+03
   9.5720745e+16   3.1320275e+01   6.8702109e+03
   9.5962524e+16   3.1241362e+01   5.7560000e+03
   9.6204304e+16   3.1162847e+01   4.8224196e+03
   9.6446083e+16   3.1084725e+01   4.0401989e+03
   9.6687863e+16   3.1006994e+01   3.3848080e+03
   9.6929642e+16   3.0929651e+01   2.8356912e+03
   9.7171422e+16   3.0852693e+01   2.3756226e+03
   9.7413201e+16   3.0776116e+01   1.9901675e+03
   9.7654981e+16   3.0699919e+01   1.6672298e+03
   9.7896760e+16   3.0624098e+01   1.3966740e+03
   9.8138540e+16   3.0548651e+01   1.1700067e+03
   9.8380319e+16   3.0473575e+01   9.8011139e+02
   9.8622099e+16   3.0398866e+01   8.2102489e+02
   9.8863878e+16   3.0324524e+01   6.8775070e+02
   9.9105658e+16   3.0250543e+01   5.7610232e+02
   9.9347437e+16   3.0176923e+01   4.8257198e+02
   9.9589217e+16   3.0103661e+01   4.0422065e+02
   9.9830996e+16   3.0030753e+01   3.3858588e+02
   1.0007278e+17   2.9958198e+01   2.8360453e+02
   1.0031456e+17   2.9885992e+01   2.3754806e+02
   1.0055633e+17   2.9814134e+01   1.9896828e+02
   1.0079811e+17   2.9742620e+01   1.6665190e+02
   1.0103989e+17   2.9671449e+01   1.3958244e+02
   1.0128167e+17   2.9600617e+01   1.1690832e+02
   1.0152345e+17   2.9530123e+01   9.7916115e+01
   1.0176523e+17   2.9459963e+01   8.2008169e+01
   1.0200701e+17   2.9390137e+01   6.8683791e+01
   1.0224879e+17   2.9320640e+01   5.7523542e+01
   1.0249057e+17   2.9251471e+01   4.8176055e+01
   1.0273235e+17   2.9182628e+01   4.0346989e+01
   1.0297413e+17   2.9114109e+01   3.3789777e+01
   1.0321591e+17   2.9045910e+01   2.8297877e+01
   1.0345769e+17   2.8978030e+01   2.3698275e+01
   1.0369947e+17   2.8910467e+01   1.9846046e+01
   1.0394125e+17   2.8843217e+01   1.6619795e+01
   1.0418303e+17   2.8776280e+01   1.3917838e+01
   1.0442481e+17   2.8709653e+01   1.1655001e+01
   1.0466659e+17   2.8643334e+01   9.7599451e+00
   1.0490837e+17   2.8577321e+01   8.1729139e+00
   1.0515015e+17   2.8511611e+01   6.8438582e+00
   1.0539192e+17   2.8446202e+01   5.7308579e+00
   1.0563370e+17   2.8381093e+01   4.7988022e+00
   1.0587548e+17   2.8316282e+01   4.0182844e+00
   1.0611726e+17   2.8251765e+01   3.3646750e+00
   1.0635904e+17   2.8187542e+01   2.8173462e+00
   1.0660082e+17   2.8123611e+01   2.3590220e+00
   1.0684260e+17   2.8059968e+01   1.9752336e+00
   1.0708438e+17   2.7996613e+01   1.6538635e+00
   1.0732616e+17   2.7933544e+01   1.3847635e+00
   1.0756794e+17   2.7870758e+01   1.1594348e+00
   1.0780972e+17   2.7808253e+01   9.7075990e-01
   1.0805150e+17   2.7746029e+01   8.1277839e-01
   1.0829328e+17   2.7684082e+01   6.8049870e-01
   1.0853506e+17   2.7622411e+01   5.6974079e-01
   1.0877684e+17   2.7561015e+01   4.7700421e-01
   1.0901862e+17   2.7499890e+01   3.9935765e-01
   1.0926040e+17   2.7439036e+01   3.3434647e-01
   1.0950218e+17   2.7378451e+01   2.7991516e-01
   1.0974396e+17   2.7318133e+01   2.3434250e-01
   1.0998574e+17   2.7258080e+01   1.9618721e-01
   1.1022751e+17   2.7198291e+01   1.6424242e-01
   1.1046929e+17   2.7138763e+01   1.3749757e-01
   1.1071107e+17   2.7079495e+01   1.1510647e-01
   1.1095285e+17   2.7020486e+01   9.6360615e-02
   1.1119463e+17   2.6961733e+01   8.0666733e-02
   1.1143641e+17   2.6903235e+01   6.7528095e-02
   1.1167819e+17   2.6844991e+01   5.6528786e-02
   1.1191997e+17   2.6786998e+01   4.7320572e-02
   1.1216175e+17   2.6729255e+01   3.9611883e-02
   1.1240353e+17   2.6671760e+01   3.3158600e-02
   1.1264531e+17   2.6614513e+01   2.7756334e-02
   1.1288709e+17   2.6557510e+01   2.3233961e-02
   1.1312887e+17   2.6500751e+01   1.9448212e-02
   1.1337065e+17   2.6444234e+01   1.6279137e-02
   1.1361243e+17   2.6387958e+01   1.3626314e-02
   1.1385421e+17   2.6331921e+01   1.1405667e-02
   1.1409599e+17   2.6276121e+01   9.5468115e-03
   1.1433777e+17   2.6220558e+01   7.9908202e-03
   1.1457955e+17   2.6165229e+01   6.6883616e-03
   1.1482132e+17   2.6110132e+01   5.5981370e-03
   1.1506310e+17   2.6055268e+01   4.6855731e-03
   1.1530488e+17   2.6000633e+01   3.9217269e-03
   1.1554666e+17   2.5946227e+01   3.2823692e-03
   1.1578844e+17   2.5892049e+01   2.7472170e-03
   1.1603022e+17   2.5838096e+01   2.2992914e-03
   1.1627200e+17   2.5784367e+01   1.9243787e-03
   1.1651378e+17   2.5730862e+01   1.6105812e-03
   1.1675556e+17   2.5677578e+01   1.3479390e-03
   1.1699734e+17   2.5624514e+01   1.1281151e-03
   1.1723912e+17   2.5571669e+01   9.4413078e-04
   1.1748090e+17   2.5519042e+01   7.9014447e-04
   1.1772268e+17   2.5466631e+01   6.6126642e-04
   1.1796446e+17   2.5414434e+01   5.5340370e-04
   1.1820624e+17   2.5362452e+01   4.6313042e-04
   1.1844802e+17   2.5310681e+01   3.8757898e-04
   1.1868980e+17   2.5259121e+01   3.2434918e-04
   1.1893158e+17   2.5207771e+01   2.7143204e-04
   1.1917336e+17   2.5156630e+01   2.2714601e-04
   1.1941514e+17   2.5105695e+01   1.9008370e-04
   1.1965691e+17   2.5054967e+01   1.5906710e-04
   1.1989869e+17   2.5004442e+01   1.3311029e-04
   1.2014047e+17   2.4954122e+01   1.1138807e-04
   1.2038225e+17   2.4904003e+01   9.3209795e-05
   1.2062403e+17   2.4854085e+01   7.7997418e-05
   1.2086581e+17   2.4804367e+01   6.5267164e-05
   1.2110759e+17   2.4754848e+01   5.4614140e-05
   1.2134937e+17   2.4705526e+01   4.5699488e-05
   1.2159115e+17   2.4656400e+01   3.8239609e-05
   1.2183293e+17   2.4607469e+01   3.1997162e-05
   1.2207471e+17   2.4558731e+01   2.6773514e-05
   1.2231649e+17   2.4510187e+01   2.2402436e-05
   1.2255827e+17   2.4461834e+01   1.8744810e-05
   1.2280005e+17   2.4413671e+01   1.5684216e-05
   1.2304183e+17   2.4365698e+01   1.3123224e-05
   1.2328361e+17   2.4317913e+01   1.0980302e-05
   1.2352539e+17   2.4270315e+01   9.1872184e-06
   1.2376717e+17   2.4222902e+01   7.6868748e-06
   1.2400895e+17   2.4175675e+01   6.4314903e-06
   1.2425073e+17   2.4128632e+01   5.3810804e-06
   1.2449250e+17   2.4081771e+01   4.5021858e-06
   1.2473428e+17   2.4035092e+01   3.7668076e-06
   1.2497606e+17   2.3988594e+01   3.1515162e-06
   1.2521784e+17   2.3942275e+01   2.6367064e-06
   1.2545962e+17   2.3896134e+01   2.2059727e-06
   1.2570140e+17   2.3850171e+01   1.8455875e-06
   1.2594318e+17   2.3804385e+01   1.5440640e-06
   1.2618496e+17   2.3758774e+01   1.2917906e-06
   1.2642674e+17   2.3713338e+01   1.0807249e-06
   1.2666852e+17   2.3668075e+01   9.0413723e-07
   1.2691030e+17   2.3622984e+01   7.5639698e-07
   1.2715208e+17   2.3578065e+01   6.3279268e-07
   1.2739386e+17   2.3533317e+01   5.2938221e-07
   1.2763564e+17   2.3488737e+01   4.4286719e-07
   1.2787742e+17   2.3444327e+01   3.7048782e-07
   1.2811920e+17   2.3400084e+01   3.0993502e-07
   1.2836098e+17   2.3356008e+01   2.5927680e-07
   1.2860276e+17   2.3312098e+01   2.1689672e-07
   1.2884454e+17   2.3268352e+01   1.8144233e-07
   1.2908632e+17   2.3224770e+01   1.5178212e-07
   1.2932809e+17   2.3181351e+01   1.2696937e-07
   1.2956987e+17   2.3138095e+01   1.0621202e-07
   1.2981165e+17   2.3094999e+01   8.8847402e-08
   1.3005343e+17   2.3052063e+01   7.4321114e-08
   1.3029521e+17   2.3009287e+01   6.2169316e-08
   1.3053699e+17   2.2966670e+01   5.2003956e-08
   1.3077877e+17   2.2924210e+01   4.3500386e-08
   1.3102055e+17   2.2881906e+01   3.6387003e-08
   1.3126233e+17   2.2839759e+01   3.0436584e-08
   1.3150411e+17   2.2797767e+01   2.5459039e-08
   1.3174589e+17   2.2755928e+01   2.1295340e-08
   1.3198767e+17   2.2714243e+01   1.7812450e-08
   1.3222945e+17   2.2672710e+01   1.4899073e-08
   1.3247123e+17   2.2631329e+01   1.2462103e-08
   1.3271301e+17   2.2590099e+01   1.0423654e-08
   1.3295479e+17   2.2549019e+01   8.7185680e-09
   1.3319657e+17   2.2508088e+01   7.2923397e-09
   1.3343835e+17   2.2467305e+01   6.0993731e-09
   1.3368013e+17   2.2426670e+01   5.1015257e-09
   1.3392191e+17   2.2386181e+01   4.2668911e-09
   1.3416368e+17   2.2345838e+01   3.5687789e-09
   1.3440546e+17   2.2305641e+01   2.9848626e-09
   1.3464724e+17   2.2265588e+01   2.4964661e-09
   1.3488902e+17   2.2225678e+01   2.0879671e-09
   1.3513080e+17   2.2185911e+01   1.7462977e-09
   1.3537258e+17   2.2146287e+01   1.4605269e-09
   1.3561436e+17   2.2106803e+01   1.2215114e-09
   1.3585614e+17   2.2067460e+01   1.0216031e-09
   1.3609792e+17   2.2028257e+01   8.5440452e-10
   1.3633970e+17   2.1989193e+01   7.1456477e-10
   1.3658148e+17   2.1950267e+01   5.9760798e-10
   1.3682326e+17   2.1911479e+01   4.9979040e-10
   1.3706504e+17   2.1872828e+01   4.1798065e-10
   1.3730682e+17   2.1834313e+01   3.4955957e-10
   1.3754860e+17   2.1795933e+01   2.9233646e-10
   1.3779038e+17   2.1757688e+01   2.4447900e-10
   1.3803216e+17   2.1719577e+01   2.0445461e-10
   1.3827394e+17   2.1681599e+01   1.7098148e-10
   1.3851572e+17   2.1643753e+01   1.4298749e-10
   1.3875750e+17   2.1606040e+01   1.1957595e-10
   1.3899927e+17   2.1568458e+01   9.9996881e-11
   1.3924105e+17   2.1531006e+01   8.3623034e-11
   1.3948283e+17   2.1493684e+01   6.9929794e-11
   1.3972461e+17   2.1456492e+01   5.8478394e-11
   1.3996639e+17   2.1419428e+01   4.8901874e-11
   1.4020817e+17   2.1382491e+01   4.0893328e-11
   1.4044995e+17   2.1345682e+01   3.4196078e-11
   1.4069173e+17   2.1308999e+01   2.8595458e-11
   1.4093351e+17   2.1272442e+01   2.3911936e-11
   1.4117529e+17   2.1236011e+01   1.9995365e-11
   1.4141707e+17   2.1199704e+01   1.6720177e-11
   1.4165885e+17   2.1163521e+01   1.3981359e-11
   1.4190063e+17   2.1127461e+01   1.1691085e-11
   1.4214241e+17   2.1091524e+01   9.7759111e-12
   1.4238419e+17   2.1055709e+01   8.1744143e-12
   1.4262597e+17   2.1020015e+01   6.8352284e-12
   1.4286775e+17   2.0984442e+01   5.7153973e-12
   1.4310953e+17   2.0948990e+01   4.7789977e-12
   1.4335131e+17   2.0913657e+01   3.9959886e-12
   1.4359309e+17   2.0878443e+01   3.3412478e-12
   1.4383486e+17   2.0843347e+01   2.7937669e-12
   1.4407664e+17   2.0808369e+01   2.3359778e-12
   1.4431842e+17   2.0773509e+01   1.9531891e-12
   1.4456020e+17   2.0738764e+01   1.6331157e-12
   1.4480198e+17   2.0704136e+01   1.3654843e-12
   1.4504376e+17   2.0669624e+01   1.1417040e-12
   1.4528554e+17   2.0635226e+01   9.5459124e-13
   1.4552732e+17   2.0600943e+01   7.9813890e-13
   1.4576910e+17   2.0566773e+01   6.6732381e-13
   1.4601088e+17   2.0532716e+01   5.5794564e-13
   1.4625266e+17   2.0498773e+01   4.6649210e-13
   1.4649444e+17   2.0464941e+01   3.9002626e-13
   1.4673622e+17   2.0431220e+01   3.2609230e-13
   1.4697800e+17   2.0397611e+01   2.7263676e-13
   1.4721978e+17   2.0364112e+01   2.2794257e-13
   1.4746156e+17   2.0330723e+01   1.9057400e-13
   1.4770334e+17   2.0297443e+01   1.5933055e-13
   1.4794512e+17   2.0264272e+01   1.3320842e-13
   1.4818690e+17   2.0231209e+01   1.1136827e-13
   1.4842868e+17   2.0198253e+01   9.3108323e-14
   1.4867045e+17   2.0165405e+01   7.7841780e-14
   1.4891223e+17   2.0132664e+01   6.5078007e-14
   1.4915401e+17   2.0100029e+01   5.4406774e-14
   1.4939579e+17   2.0067499e+01   4.5485079e-14
   1.4963757e+17   2.0035075e+01   3.8026136e-14
   1.4987935e+17   2.0002755e+01   3.1790159e-14
   1.5012113e+17   1.9970540e+01   2.6576666e-14
   1.5036291e+17   1.9938427e+01   2.2218031e-14
   1.5060469e+17   1.9906419e+01   1.8574107e-14
   1.5084647e+17   1.9874512e+01   1.5527717e-14
   1.5108825e+17   1.9842708e+01   1.2980894e-14
   1.5133003e+17   1.9811005e+01   1.0851728e-14
   1.5157181e+17   1.9779404e+01   9.0717388e-15
   1.5181359e+17   1.9747903e+01   7.5836715e-15
   1.5205537e+17   1.9716502e+01   6.3396580e-15
   1.5229715e+17   1.9685201e+01   5.2996782e-15
   1.5253893e+17   1.9654000e+01   4.4302734e-15
   1.5278071e+17   1.9622897e+01   3.7034709e-15
   1.5302249e+17   1.9591892e+01   3.0958843e-15
   1.5326426e+17   1.9560985e+01   2.5879619e-15
   1.5350604e+17   1.9530176e+01   2.1633583e-15
   1.5374782e+17   1.9499463e+01   1.8084080e-15
   1.5398960e+17   1.9468847e+01   1.5116867e-15
   1.5423138e+17   1.9438327e+01   1.2636435e-15
   1.5447316e+17   1.9407902e+01   1.0562940e-15
   1.5471494e+17   1.9377572e+01   8.8296290e-16
   1.5495672e+17   1.9347338e+01   7.3807000e-16
   1.5519850e+17   1.9317197e+01   6.1695019e-16
   1.5544028e+17   1.9287150e+01   5.1570354e-16
   1.5568206e+17   1.9257196e+01   4.3106978e-16
   1.5592384e+17   1.9227336e+01   3.6032345e-16
   1.5616562e+17   1.9197567e+01   3.0118612e-16
   1.5640740e+17   1.9167891e+01   2.5175312e-16
   1.5664918e+17   1.9138307e+01   2.1043224e-16
   1.5689096e+17   1.9108813e+01   1.7589245e-16
   1.5713274e+17   1.9079411e+01   1.4702108e-16
   1.5737452e+17   1.9050098e+01   1.2288803e-16
   1.5761630e+17   1.9020876e+01   1.0271575e-16
   1.5785808e+17   1.8991743e+01   8.5854299e-17
   1.5809985e+17   1.8962699e+01   7.1760358e-17
   1.5834163e+17   1.8933744e+01   5.9979756e-17
   1.5858341e+17   1.8904877e+01   5.0132844e-17
   1.5882519e+17   1.8876099e+01   4.1902271e-17
   1.5906697e+17   1.8847407e+01   3.5022758e-17
   1.5930875e+17   1.8818803e+01   2.9272561e-17
   1.5955053e+17   1.8790285e+01   2.4466321e-17
   1.5979231e+17   1.8761854e+01   2.0449100e-17
   1.6003409e+17   1.8733508e+01   1.7091389e-17
   1.6027587e+17   1.8705249e+01   1.4284929e-17
   1.6051765e+17   1.8677074e+01   1.1939234e-17
   1.6075943e+17   1.8648984e+01   9.9786650e-18
   1.6100121e+17   1.8620978e+01   8.3400001e-18
   1.6124299e+17   1.8593057e+01   6.9703936e-18
   1.6148477e+17   1.8565218e+01   5.8256742e-18
   1.6172655e+17   1.8537464e+01   4.8689210e-18
   1.6196833e+17   1.8509792e+01   4.0692739e-18
   1.6221011e+17   1.8482202e+01   3.4009385e-18
   1.6245189e+17   1.8454695e+01   2.8423549e-18
   1.6269367e+17   1.8427269e+01   2.3755025e-18
   1.6293544e+17   1.8399925e+01   1.9853194e-18
   1.6317722e+17   1.8372662e+01   1.6592161e-18
   1.6341900e+17   1.8345480e+01   1.3866703e-18
   1.6366078e+17   1.8318377e+01   1.1588873e-18
   1.6390256e+17   1.8291355e+01   9.6851619e-19
   1.6414434e+17   1.8264413e+01   8.0941320e-19
   1.6438612e+17   1.8237549e+01   6.7644331e-19
   1.6462790e+17   1.8210765e+01   5.6531467e-19
   1.6486968e+17   1.8184059e+01   4.7244020e-19
   1.6511146e+17   1.8157431e+01   3.9482185e-19
   1.6535324e+17   1.8130882e+01   3.2995389e-19
   1.6559502e+17   1.8104409e+01   2.7574211e-19
   1.6583680e+17   1.8078014e+01   2.3043619e-19
   1.6607858e+17   1.8051696e+01   1.9257329e-19
   1.6632036e+17   1.8025454e+01   1.6093081e-19
   1.6656214e+17   1.7999289e+01   1.3448694e-19
   1.6680392e+17   1.7973199e+01   1.1238771e-19
   1.6704570e+17   1.7947185e+01   9.3919406e-20
   1.6728748e+17   1.7921246e+01   7.8485538e-20
   1.6752926e+17   1.7895382e+01   6.5587602e-20
   1.6777103e+17   1.7869592e+01   5.4808975e-20
   1.6801281e+17   1.7843877e+01   4.5801470e-20
   1.6825459e+17   1.7818236e+01   3.8274100e-20
   1.6849637e+17   1.7792668e+01   3.1983677e-20
   1.6873815e+17   1.7767173e+01   2.6726964e-20
   1.6897993e+17   1.7741752e+01   2.2334113e-20
   1.6922171e+17   1.7716403e+01   1.8663179e-20
   1.6946349e+17   1.7691126e+01   1.5595540e-20
   1.6970527e+17   1.7665922e+01   1.3032060e-20
   1.6994705e+17   1.7640789e+01   1.0889892e-20
   1.7018883e+17   1.7615727e+01   9.0998023e-21
   1.7043061e+17   1.7590737e+01   7.6039320e-21
   1.7067239e+17   1.7565817e+01   6.3539293e-21
   1.7091417e+17   1.7540968e+01   5.3093875e-21
   1.7115595e+17   1.7516189e+01   4.4365396e-21
   1.7139773e+17   1.7491480e+01   3.7071674e-21
   1.7163951e+17   1.7466841e+01   3.0976900e-21
   1.7188129e+17   1.7442271e+01   2.5884014e-21
   1.7212307e+17   1.7417770e+01   2.1628341e-21
   1.7236485e+17   1.7393338e+01   1.8072270e-21
   1.7260662e+17   1.7368974e+01   1.5100807e-21
   1.7284840e+17   1.7344678e+01   1.2617855e-21
   1.7309018e+17   1.7320451e+01   1.0543113e-21
   1.7333196e+17   1.7296291e+01   8.8094773e-22
   1.7357374e+17   1.7272198e+01   7.3608737e-22
   1.7381552e+17   1.7248172e+01   6.1504452e-22
   1.7405730e+17   1.7224213e+01   5.1390366e-22
   1.7429908e+17   1.7200320e+01   4.2939287e-22
   1.7454086e+17   1.7176494e+01   3.5877811e-22
   1.7478264e+17   1.7152733e+01   2.9977473e-22
   1.7502442e+17   1.7129038e+01   2.5047367e-22
   1.7526620e+17   1.7105409e+01   2.0927972e-22
   1.7550798e+17   1.7081844e+01   1.7485990e-22
   1.7574976e+17   1.7058345e+01   1.4610036e-22
   1.7599154e+17   1.7034910e+01   1.2207040e-22
   1.7623332e+17   1.7011539e+01   1.0199231e-22
   1.7647510e+17   1.6988233e+01   8.5216277e-23
   1.7671688e+17   1.6964990e+01   7.1199295e-23
   1.7695866e+17   1.6941810e+01   5.9487657e-23
   1.7720044e+17   1.6918694e+01   4.9702252e-23
   1.7744221e+17   1.6895641e+01   4.1526307e-23
   1.7768399e+17   1.6872651e+01   3.4695136e-23
   1.7792577e+17   1.6849723e+01   2.8987579e-23
   1.7816755e+17   1.6826857e+01   2.4218840e-23
   1.7840933e+17   1.6804054e+01   2.0234515e-23
   1.7865111e+17   1.6781312e+01   1.6905590e-23
   1.7889289e+17   1.6758631e+01   1.4124268e-23
   1.7913467e+17   1.6736012e+01   1.1800479e-23
   1.7937645e+17   1.6713454e+01   9.8589663e-24
   1.7961823e+17   1.6690956e+01   8.2368514e-24
   1.7986001e+17   1.6668519e+01   6.8815960e-24
   1.8010179e+17   1.6646142e+01   5.7493033e-24
   1.8034357e+17   1.6623825e+01   4.8032961e-24
   1.8058535e+17   1.6601568e+01   4.0129303e-24
   1.8082713e+17   1.6579371e+01   3.3526018e-24
   1.8106891e+17   1.6557233e+01   2.8009184e-24
   1.8131069e+17   1.6535153e+01   2.3400065e-24
   1.8155247e+17   1.6513133e+01   1.9549327e-24
   1.8179425e+17   1.6491171e+01   1.6332199e-24
   1.8203603e+17   1.6469268e+01   1.3644439e-24
   1.8227780e+17   1.6447422e+01   1.1398949e-24
   1.8251958e+17   1.6425635e+01   9.5229635e-25
   1.8276136e+17   1.6403905e+01   7.9556847e-25
   1.8300314e+17   1.6382232e+01   6.6463188e-25
   1.8324492e+17   1.6360617e+01   5.5524280e-25
   1.8348670e+17   1.6339059e+01   4.6385567e-25
   1.8372848e+17   1.6317557e+01   3.8750827e-25
   1.8397026e+17   1.6296112e+01   3.2372575e-25
   1.8421204e+17   1.6274723e+01   2.7044049e-25
   1.8445382e+17   1.6253391e+01   2.2592503e-25
   1.8469560e+17   1.6232114e+01   1.8873619e-25
   1.8493738e+17   1.6210893e+01   1.5766824e-25
   1.8517916e+17   1.6189727e+01   1.3171385e-25
   1.8542094e+17   1.6168616e+01   1.1003146e-25
   1.8566272e+17   1.6147561e+01   9.1917992e-26
   1.8590450e+17   1.6126560e+01   7.6786060e-26
   1.8614628e+17   1.6105614e+01   6.4144948e-26
   1.8638806e+17   1.6084722e+01   5.3584694e-26
   1.8662984e+17   1.6063884e+01   4.4762804e-26
   1.8687162e+17   1.6043100e+01   3.7393148e-26
   1.8711339e+17   1.6022370e+01   3.1236691e-26
   1.8735517e+17   1.6001693e+01   2.6093736e-26
   1.8759695e+17   1.5981070e+01   2.1797452e-26
   1.8783873e+17   1.5960499e+01   1.8208470e-26
   1.8808051e+17   1.5939982e+01   1.5210358e-26
   1.8832229e+17   1.5919517e+01   1.2705849e-26
   1.8856407e+17   1.5899105e+01   1.0613685e-26
   1.8880585e+17   1.5878745e+01   8.8659840e-27
   1.8904763e+17   1.5858437e+01   7.4060388e-27
   1.8928941e+17   1.5838181e+01   6.1864755e-27
   1.8953119e+17   1.5817977e+01   5.1677190e-27
   1.8977297e+17   1.5797824e+01   4.3167090e-27
   1.9001475e+17   1.5777723e+01   3.6058274e-27
   1.9025653e+17   1.5757672e+01   3.0120030e-27
   1.9049831e+17   1.5737673e+01   2.5159625e-27
   1.9074009e+17   1.5717724e+01   2.1016056e-27
   1.9098187e+17   1.5697825e+01   1.7554828e-27
   1.9122365e+17   1.5677977e+01   1.4663588e-27
   1.9146543e+17   1.5658179e+01   1.2248481e-27
   1.9170721e+17   1.5638432e+01   1.0231105e-27
   1.9194898e+17   1.5618733e+01   8.5459666e-28
   1.9219076e+17   1.5599085e+01   7.1383551e-28
   1.9243254e+17   1.5579485e+01   5.9625693e-28
   1.9267432e+17   1.5559935e+01   4.9804325e-28
   1.9291610e+17   1.5540434e+01   4.1600545e-28
   1.9315788e+17   1.5520982e+01   3.4747961e-28
   1.9339966e+17   1.5501578e+01   2.9024048e-28
   1.9364144e+17   1.5482223e+01   2.4242923e-28
   1.9388322e+17   1.5462916e+01   2.0249316e-28
   1.9412500e+17   1.5443657e+01   1.6913523e-28
   1.9436678e+17   1.5424447e+01   1.4127202e-28
   1.9460856e+17   1.5405283e+01   1.1799853e-28
   1.9485034e+17   1.5386168e+01   9.8558804e-29
   1.9509212e+17   1.5367100e+01   8.2321376e-29
   1.9533390e+17   1.5348079e+01   6.8758786e-29
   1.9557568e+17   1.5329105e+01   5.7430442e-29
   1.9581746e+17   1.5310177e+01   4.7968320e-29
   1.9605924e+17   1.5291297e+01   4.0065009e-29
   1.9630102e+17   1.5272463e+01   3.3463733e-29
   1.9654279e+17   1.5253675e+01   2.7950007e-29
   1.9678457e+17   1.5234934e+01   2.3344676e-29
   1.9702635e+17   1.5216239e+01   1.9498096e-29
   1.9726813e+17   1.5197589e+01   1.6285270e-29
   1.9750991e+17   1.5178985e+01   1.3601792e-29
   1.9775169e+17   1.5160427e+01   1.1360455e-29
   1.9799347e+17   1.5141913e+01   9.4884160e-30
   1.9823525e+17   1.5123445e+01   7.9248336e-30
   1.9847703e+17   1.5105022e+01   6.6188878e-30
   1.9871881e+17   1.5086644e+01   5.5281309e-30
   1.9896059e+17   1.5068311e+01   4.6171082e-30
   1.9920237e+17   1.5050022e+01   3.8562060e-30
   1.9944415e+17   1.5031777e+01   3.2206895e-30
   1.9968593e+17   1.5013577e+01   2.6898987e-30
   1.9992771e+17   1.4995420e+01   2.2465777e-30
   2.0016949e+17   1.4977308e+01   1.8763136e-30
   2.0041127e+17   1.4959239e+01   1.5670681e-30
   2.0065305e+17   1.4941213e+01   1.3087864e-30
   2.0089483e+17   1.4923232e+01   1.0930704e-30
   2.0113661e+17   1.4905293e+01   9.1290580e-31
   2.0137838e+17   1.4887397e+01   7.6243404e-31
   2.0162016e+17   1.4869544e+01   6.3676190e-31
   2.0186194e+17   1.4851735e+01   5.3180246e-31
   2.0210372e+17   1.4833967e+01   4.4414226e-31
   2.0234550e+17   1.4816242e+01   3.7093033e-31
   2.0258728e+17   1.4798560e+01   3.0978550e-31
   2.0282906e+17   1.4780919e+01   2.5871899e-31
   2.0307084e+17   1.4763321e+01   2.1606979e-31
   2.0331262e+17   1.4745764e+01   1.8045058e-31
   2.0355440e+17   1.4728250e+01   1.5070269e-31
   2.0379618e+17   1.4710776e+01   1.2585842e-31
   2.0403796e+17   1.4693344e+01   1.0510951e-31
   2.0427974e+17   1.4675954e+01   8.7780957e-32
   2.0452152e+17   1.4658604e+01   7.3308969e-32
   2.0476330e+17   1.4641296e+01   6.1222694e-32
   2.0500508e+17   1.4624028e+01   5.1128881e-32
   2.0524686e+17   1.4606801e+01   4.2699095e-32
   2.0548864e+17   1.4589615e+01   3.5659035e-32
   2.0573042e+17   1.4572468e+01   2.9779612e-32
   2.0597220e+17   1.4555363e+01   2.4869498e-32
   2.0621397e+17   1.4538297e+01   2.0768903e-32
   2.0645575e+17   1.4521271e+01   1.7344375e-32
   2.0669753e+17   1.4504285e+01   1.4484459e-32
   2.0693931e+17   1.4487339e+01   1.2096075e-32
   2.0718109e+17   1.4470432e+01   1.0101485e-32
   2.0742287e+17   1.4453565e+01   8.4357659e-33
   2.0766465e+17   1.4436737e+01   7.0446982e-33
   2.0790643e+17   1.4419948e+01   5.8829997e-33
   2.0814821e+17   1.4403199e+01   4.9128537e-33
   2.0838999e+17   1.4386488e+01   4.1026779e-33
   2.0863177e+17   1.4369815e+01   3.4260964e-33
   2.0887355e+17   1.4353182e+01   2.8610821e-33
   2.0911533e+17   1.4336586e+01   2.3892392e-33
   2.0935711e+17   1.4320030e+01   1.9952051e-33
   2.0959889e+17   1.4303511e+01   1.6661498e-33
   2.0984067e+17   1.4287030e+01   1.3913588e-33
   2.1008245e+17   1.4270588e+01   1.1618842e-33
   2.1032423e+17   1.4254183e+01   9.7025328e-34
   2.1056601e+17   1.4237816e+01   8.1022570e-34
   2.1080779e+17   1.4221486e+01   6.7658990e-34
   2.1104956e+17   1.4205194e+01   5.6499372e-34
   2.1129134e+17   1.4188939e+01   4.7180261e-34
   2.1153312e+17   1.4172721e+01   3.9398136e-34
   2.1177490e+17   1.4156541e+01   3.2899525e-34
   2.1201668e+17   1.4140397e+01   2.7472754e-34
   2.1225846e+17   1.4124290e+01   2.2941056e-34
   2.1250024e+17   1.4108219e+01   1.9156812e-34
   2.1274202e+17   1.4092185e+01   1.5996747e-34
   2.1298380e+17   1.4076188e+01   1.3357918e-34
   2.1322558e+17   1.4060227e+01   1.1154356e-34
   2.1346736e+17   1.4044302e+01   9.3142712e-35
   2.1370914e+17   1.4028413e+01   7.7777126e-35
   2.1395092e+17   1.4012560e+01   6.4946171e-35
   2.1419270e+17   1.3996742e+01   5.4231780e-35
   2.1443448e+17   1.3980961e+01   4.5284838e-35
   2.1467626e+17   1.3965215e+01   3.7813810e-35
   2.1491804e+17   1.3949504e+01   3.1575243e-35
   2.1515982e+17   1.3933829e+01   2.6365842e-35
   2.1540160e+17   1.3918188e+01   2.2015839e-35
   2.1564338e+17   1.3902583e+01   1.8383471e-35
   2.1588515e+17   1.3887013e+01   1.5350356e-35
   2.1612693e+17   1.3871478e+01   1.2817639e-35
   2.1636871e+17   1.3855977e+01   1.0702774e-35
   2.1661049e+17   1.3840511e+01   8.9368260e-36
   2.1685227e+17   1.3825080e+01   7.4622354e-36
   2.1709405e+17   1.3809683e+01   6.2309358e-36
   2.1733583e+17   1.3794320e+01   5.2027900e-36
   2.1757761e+17   1.3778991e+01   4.3442819e-36
   2.1781939e+17   1.3763697e+01   3.6274247e-36
   2.1806117e+17   1.3748436e+01   3.0288481e-36
   2.1830295e+17   1.3733209e+01   2.5290377e-36
   2.1854473e+17   1.3718016e+01   2.1116979e-36
   2.1878651e+17   1.3702856e+01   1.7632220e-36
   2.1902829e+17   1.3687730e+01   1.4722478e-36
   2.1927007e+17   1.3672637e+01   1.2292877e-36
   2.1951185e+17   1.3657577e+01   1.0264194e-36
   2.1975363e+17   1.3642551e+01   8.5702780e-37
   2.1999541e+17   1.3627557e+01   7.1558903e-37
   2.2023719e+17   1.3612597e+01   5.9749072e-37
   2.2047897e+17   1.3597669e+01   4.9888148e-37
   2.2072074e+17   1.3582774e+01   4.1654538e-37
   2.2096252e+17   1.3567912e+01   3.4779713e-37
   2.2120430e+17   1.3553082e+01   2.9039450e-37
   2.2144608e+17   1.3538284e+01   2.4246526e-37
   2.2168786e+17   1.3523519e+01   2.0244610e-37
   2.2192964e+17   1.3508786e+01   1.6903165e-37
   2.2217142e+17   1.3494085e+01   1.4113196e-37
   2.2241320e+17   1.3479416e+01   1.1783695e-37
   2.2265498e+17   1.3464779e+01   9.8386689e-38
   2.2289676e+17   1.3450173e+01   8.2146668e-38
   2.2313854e+17   1.3435599e+01   6.8587080e-38
   2.2338032e+17   1.3421057e+01   5.7265549e-38
   2.2362210e+17   1.3406546e+01   4.7812704e-38
   2.2386388e+17   1.3392067e+01   3.9920130e-38
   2.2410566e+17   1.3377619e+01   3.3330309e-38
   2.2434744e+17   1.3363201e+01   2.7828226e-38
   2.2458922e+17   1.3348815e+01   2.3234346e-38
   2.2483100e+17   1.3334460e+01   1.9398769e-38
   2.2507278e+17   1.3320136e+01   1.6196332e-38
   2.2531456e+17   1.3305843e+01   1.3522529e-38
   2.2555633e+17   1.3291580e+01   1.1290105e-38
   2.2579811e+17   1.3277347e+01   9.4262033e-39
   2.2603989e+17   1.3263146e+01   7.8699943e-39
   2.2628167e+17   1.3248974e+01   6.5706876e-39
   2.2652345e+17   1.3234833e+01   5.4858763e-39
   2.2676523e+17   1.3220722e+01   4.5801531e-39
   2.2700701e+17   1.3206641e+01   3.8239551e-39
   2.2724879e+17   1.3192589e+01   3.1925989e-39
   2.2749057e+17   1.3178568e+01   2.6654758e-39
   2.2773235e+17   1.3164577e+01   2.2253787e-39
   2.2797413e+17   1.3150615e+01   1.8579410e-39
   2.2821591e+17   1.3136683e+01   1.5511676e-39
   2.2845769e+17   1.3122780e+01   1.2950434e-39
   2.2869947e+17   1.3108907e+01   1.0812068e-39
   2.2894125e+17   1.3095063e+01   9.0267620e-40
   2.2918303e+17   1.3081248e+01   7.5362284e-40
   2.2942481e+17   1.3067462e+01   6.2918003e-40
   2.2966659e+17   1.3053706e+01   5.2528455e-40
   2.2990837e+17   1.3039978e+01   4.3854398e-40
   2.3015015e+17   1.3026279e+01   3.6612595e-40
   2.3039192e+17   1.3012609e+01   3.0566569e-40
   2.3063370e+17   1.2998967e+01   2.5518886e-40
   2.3087548e+17   1.2985355e+01   2.1304707e-40
   2.3111726e+17   1.2971770e+01   1.7786408e-40
   2.3135904e+17   1.2958214e+01   1.4849088e-40
   2.3160082e+17   1.2944686e+01   1.2396816e-40
   2.3184260e+17   1.2931187e+01   1.0349500e-40
   2.3208438e+17   1.2917715e+01   8.6402726e-41
   2.3232616e+17   1.2904272e+01   7.2133061e-41
   2.3256794e+17   1.2890857e+01   6.0219914e-41
   2.3280972e+17   1.2877469e+01   5.0274152e-41
   2.3305150e+17   1.2864109e+01   4.1970895e-41
   2.3329328e+17   1.2850777e+01   3.5038908e-41
   2.3353506e+17   1.2837473e+01   2.9251744e-41
   2.3377684e+17   1.2824196e+01   2.4420347e-41
   2.3401862e+17   1.2810947e+01   2.0386880e-41
   2.3426040e+17   1.2797724e+01   1.7019569e-41
   2.3450218e+17   1.2784530e+01   1.4208402e-41
   2.3474396e+17   1.2771362e+01   1.1861531e-41
   2.3498574e+17   1.2758221e+01   9.9022795e-42
   2.3522751e+17   1.2745108e+01   8.2666295e-42
   2.3546929e+17   1.2732021e+01   6.9011370e-42
   2.3571107e+17   1.2718961e+01   5.7611834e-42
   2.3595285e+17   1.2705928e+01   4.8095190e-42
   2.3619463e+17   1.2692922e+01   4.0150455e-42
   2.3643641e+17   1.2679942e+01   3.3518007e-42
   2.3667819e+17   1.2666989e+01   2.7981100e-42
   2.3691997e+17   1.2654062e+01   2.3358787e-42
   2.3716175e+17   1.2641162e+01   1.9500003e-42
   2.3740353e+17   1.2628287e+01   1.6278635e-42
   2.3764531e+17   1.2615439e+01   1.3589397e-42
   2.3788709e+17   1.2602618e+01   1.1344393e-42
   2.3812887e+17   1.2589822e+01   9.4702461e-43
   2.3837065e+17   1.2577052e+01   7.9056971e-43
   2.3861243e+17   1.2564308e+01   6.5996057e-43
   2.3885421e+17   1.2551590e+01   5.5092783e-43
   2.3909599e+17   1.2538897e+01   4.5990735e-43
   2.3933777e+17   1.2526230e+01   3.8392369e-43
   2.3957955e+17   1.2513589e+01   3.2049288e-43
   2.3982132e+17   1.2500973e+01   2.6754126e-43
   2.4006310e+17   1.2488383e+01   2.2333772e-43
   2.4030488e+17   1.2475818e+01   1.8643709e-43
   2.4054666e+17   1.2463278e+01   1.5563293e-43
   2.4078844e+17   1.2450764e+01   1.2991808e-43
   2.4103022e+17   1.2438274e+01   1.0845176e-43
   2.4127200e+17   1.2425810e+01   9.0532092e-44
   2.4151378e+17   1.2413370e+01   7.5573136e-44
   2.4175556e+17   1.2400956e+01   6.3085750e-44
   2.4199734e+17   1.2388566e+01   5.2661598e-44
   2.4223912e+17   1.2376201e+01   4.3959803e-44
   2.4248090e+17   1.2363860e+01   3.6695803e-44
   2.4272268e+17   1.2351545e+01   3.0632044e-44
   2.4296446e+17   1.2339253e+01   2.5570224e-44
   2.4320624e+17   1.2326986e+01   2.1344796e-44
   2.4344802e+17   1.2314744e+01   1.7817569e-44
   2.4368980e+17   1.2302526e+01   1.4873181e-44
   2.4393158e+17   1.2290332e+01   1.2415328e-44
   2.4417336e+17   1.2278162e+01   1.0363621e-44
   2.4441514e+17   1.2266016e+01   8.6509495e-45
   2.4465691e+17   1.2253894e+01   7.2212936e-45
   2.4489869e+17   1.2241797e+01   6.0278883e-45
   2.4514047e+17   1.2229723e+01   5.0316955e-45
   2.4538225e+17   1.2217672e+01   4.2001276e-45
   2.4562403e+17   1.2205646e+01   3.5059811e-45
   2.4586581e+17   1.2193643e+01   2.9265479e-45
   2.4610759e+17   1.2181664e+01   2.4428718e-45
   2.4634937e+17   1.2169708e+01   2.0391290e-45
   2.4659115e+17   1.2157776e+01   1.7021103e-45
   2.4683293e+17   1.2145867e+01   1.4207892e-45
   2.4707471e+17   1.2133982e+01   1.1859616e-45
   2.4731649e+17   1.2122119e+01   9.8994383e-46
   2.4755827e+17   1.2110280e+01   8.2632231e-46
   2.4780005e+17   1.2098464e+01   6.8974313e-46
   2.4804183e+17   1.2086671e+01   5.7573719e-46
   2.4828361e+17   1.2074901e+01   4.8057390e-46
   2.4852539e+17   1.2063154e+01   4.0113916e-46
   2.4876717e+17   1.2051430e+01   3.3483353e-46
   2.4900895e+17   1.2039728e+01   2.7948713e-46
   2.4925073e+17   1.2028049e+01   2.3328869e-46
   2.4949250e+17   1.2016393e+01   1.9472628e-46
   2.4973428e+17   1.2004759e+01   1.6253783e-46
   2.4997606e+17   1.1993148e+01   1.3566985e-46
   2.5021784e+17   1.1981560e+01   1.1324296e-46
   2.5045962e+17   1.1969993e+01   9.4523136e-47
   2.5070140e+17   1.1958449e+01   7.8897644e-47
   2.5094318e+17   1.1946928e+01   6.5855031e-47
   2.5118496e+17   1.1935428e+01   5.4968374e-47
   2.5142674e+17   1.1923950e+01   4.5881314e-47
   2.5166852e+17   1.1912495e+01   3.8296388e-47
   2.5191030e+17   1.1901062e+01   3.1965302e-47
   2.5215208e+17   1.1889650e+01   2.6680798e-47
   2.5239386e+17   1.1878260e+01   2.2269879e-47
   2.5263564e+17   1.1866893e+01   1.8588139e-47
   2.5287742e+17   1.1855547e+01   1.5515044e-47
   2.5311920e+17   1.1844222e+01   1.2949981e-47
   2.5336098e+17   1.1832919e+01   1.0808969e-47
   2.5360276e+17   1.1821638e+01   9.0219092e-48
   2.5384454e+17   1.1810378e+01   7.5302894e-48
