#continua
#listed by object number. Excluded regions are delimited by pairs
1200.0 1291.3 1294.0 1360.0 1364.0 1480.0 1490.0 2140.0 2150.0 6100.0 6130.0 8365.0 8425.0 9000.0 9000.0 9000.0 9000.0 9000.0
1200.0 1280.0 1285.0 1320.0 1323.0 1361.0 1365.0 1455.0 1465.0 2190.0 2204.0 4430.0 4470.0 6150.0 6200.0 8760.0 8800.0 9000.0
1200.0 1283.0 1289.0 1356.0 1360.0 1474.0 1480.0 2238.0 2248.0 6000.0 6080.0 8150.0 8200.0 9000.0 9000.0 9000.0 9000.0 9000.0
1200.0 1350.0 1360.0 1450.0 1460.0 2195.0 2210.0 4210.0 4250.0 6150.0 6200.0 6822.0 6900.0 8330.0 8410.0 9000.0 9000.0 9000.0
1200.0 1351.0 1358.0 1457.0 1467.0 2200.0 2215.0 4200.0 4230.0 6100.0 6150.0 7130.0 7190.0 8780.0 8810.0 9000.0 9000.0 9000.0
1200.0 1351.0 1357.0 1448.0 1458.0 2228.0 2235.0 4200.0 4225.0 6100.0 6128.0 8150.0 8200.0 9000.0 9000.0 9000.0 9000.0 9000.0
1200.0 1278.0 1285.0 1320.0 1323.0 1366.0 1370.0 1425.0 1435.0 6130.0 6160.0 6860.0 6900.0 8332.0 8360.0 9000.0 9000.0 9000.0
1200.0 1350.0 1360.0 1425.0 1435.0 2210.0 2220.0 4220.0 4270.0 6100.0 6150.0 7180.0 7220.0 8780.0 8810.0 9000.0 9000.0 9000.0
1200.0 1316.0 1323.0 1450.0 1460.0 2214.0 2220.0 4200.0 4224.0 6170.0 6200.0 7000.0 7050.0 8800.0 8900.0 9000.0 9000.0 9000.0
1200.0 1360.0 1367.0 1440.0 1450.0 2270.0 2280.0 6070.0 6085.0 8100.0 8200.0 9000.0 9000.0 9000.0 9000.0 9000.0 9000.0 9000.0
1200.0 1443.0 1350.0 1450.0 1460.0 2200.0 2210.0 4200.0 4250.0 6150.0 6200.0 6937.0 6962.0 8770.0 8830.0 9000.0 9000.0 9000.0
1200.0 1282.0 1286.0 1318.0 1325.0 1460.0 1470.0 2220.0 2230.0 4150.0 4170.0 6050.0 6100.0 8100.0 8200.0 9000.0 9000.0 9000.0
1200.0 1284.0 1288.0 1354.0 1356.0 1440.0 1450.0 2246.0 2256.0 6090.0 6120.0 7964.0 8033.0 9000.0 9000.0 9000.0 9000.0 9000.0
1200.0 1326.0 1328.0 1378.0 1382.0 2200.0 2210.0 6180.0 6240.0 7193.0 7233.0 8315.0 8340.0 9000.0 9000.0 9000.0 9000.0 9000.0
1200.0 1316.0 1324.0 1445.0 1455.0 2193.0 2200.0 6180.0 6260.0 8329.0 8352.0 9000.0 9000.0 9000.0 9000.0 9000.0 9000.0 9000.0
1200.0 1280.0 1288.0 1343.0 1354.0 1450.0 1460.0 2220.0 2230.0 4200.0 4240.0 6260.0 6360.0 7180.0 7220.0 8260.0 8340.0 9000.0
1200.0 1343.0 1357.0 1444.0 1551.0 2208.0 2214.0 6090.0 6125.0 6905.0 9640.0 8400.0 8450.0 9000.0 9000.0 9000.0 9000.0 9000.0
1200.0 1319.0 1327.0 1460.0 1470.0 2198.0 2208.0 4100.0 4150.0 6200.0 6250.0 6950.0 6995.0 8460.0 8560.0 9000.0 9000.0 9000.0
1200.0 1350.0 1360.0 1460.0 1470.0 2190.0 2200.0 4210.0 4250.0 6240.0 6270.0 6920.0 6970.0 8540.0 8600.0 9000.0 9000.0 9000.0
1200.0 1320.0 1326.5 1440.0 1450.0 2130.0 2150.0 4050.0 4150.0 5920.0 6020.0 6930.0 6980.0 7970.0 8040.0 9000.0 9000.0 9000.0
1200.0 1359.0 1369.0 1445.0 1457.0 2200.0 2220.0 4205.0 4225.0 6280.0 6300.0 6900.0 6930.0 8275.0 8330.0 9000.0 9000.0 9000.0
1200.0 1317.0 1322.0 1363.0 1373.0 1466.0 1476.0 2188.0 2196.0 6150.0 6200.0 8000.0 8050.0 9000.0 9000.0 9000.0 9000.0 9000.0
1200.0 1280.0 1285.0 1340.0 1350.0 1462.0 1472.0 2145.0 2155.0 4240.0 4280.0 6100.0 6200.0 6950.0 7000.0 8050.0 8200.0 9000.0
1200.0 1278.5 1287.5 1456.0 1467.0 2225.0 2240.0 4200.0 4240.0 6110.0 6210.0 7051.0 7074.0 8040.0 8140.0 9000.0 9000.0 9000.0
1200.0 1359.0 1368.0 1463.5 1474.0 2225.0 2240.0 4185.0 4227.0 6120.0 6190.0 6880.0 6930.0 8530.0 8600.0 9000.0 9000.0 9000.0
1200.0 1270.0 1290.0 1351.0 1357.0 1438.0 1445.0 2196.0 2205.0 6000.0 6100.0 8050.0 8140.0 9000.0 9000.0 9000.0 9000.0 9000.0
1200.0 1321.0 1327.0 1451.0 1457.0 2210.5 2218.0 6060.0 6100.0 6780.0 6860.0 8345.0 8400.0 9000.0 9000.0 9000.0 9000.0 9000.0
1200.0 1356.0 1360.0 1443.0 1466.0 2144.0 2150.0 4200.0 4240.0 6060.0 6100.0 8280.0 8360.0 9000.0 9000.0 9000.0 9000.0 9000.0
1200.0 1280.0 1285.0 1355.0 1361.0 1446.0 1458.0 2240.0 2245.0 4750.0 4760.0 5800.0 5860.0 8350.0 8400.0 9000.0 9000.0 9000.0
1200.0 1320.0 1328.0 1450.0 1470.0 2163.0 2169.0 4095.0 4135.0 6020.0 6100.0 8200.0 8300.0 9000.0 9000.0 9000.0 9000.0 9000.0

