#mgII fit
#listed by object number. Excluded regions are delimited by pairs
2290.0 2352.0 2380.0  2455.0 2675.0 2690.0  2740.0  2851.0  2956.0  3000.0
2290.0 2352.0 2380.0  2455.0 2685.0 2698.0  2780.0  2830.0  3000.0  3080.0
2290.0 2352.0 2380.0  2455.0 0.0000 0.0000  2740.0  2851.0  3051.0  3080.0
2273.0 2375.0 2400.0  2490.0 2693.0 2702.0  2740.0  2851.0  2974.0  3025.0
2300.0 2354.0 2400.0  2460.0 2671.0 2690.0  2740.0  2851.0  2948.0  3000.0
2300.0 2354.0 2400.0  2460.0 2671.0 2690.0  2740.0  2851.0  2956.0  3000.0
2287.0 2360.0 2400.0  2460.0 2640.0 2666.0  2740.0  2851.0  2923.0  2959.0
2274.0 2374.0 2400.0  2460.0 2699.0 2700.0  2740.0  2851.0  3050.0  3080.0
2274.0 2374.0 2400.0  2460.0 2699.0 2700.0  2700.0  2895.0  3050.0  3080.0
2274.0 2374.0 2400.0  2460.0 2703.0 2715.0  2700.0  2895.0  2988.0  3031.0
2274.0 2374.0 2400.0  2460.0 2703.0 2715.0  2700.0  2895.0  2988.0  3031.0
2274.0 2374.0 2400.0  2460.0 2703.0 2715.0  2700.0  2895.0  2988.0  3031.0
2274.0 2374.0 2400.0  2460.0 2703.0 2715.0  2700.0  2895.0  2988.0  3031.0
2274.0 2374.0 2400.0  2460.0 2703.0 2715.0  2700.0  2895.0  2988.0  3031.0
2274.0 2374.0 2400.0  2460.0 2703.0 2715.0  2700.0  2895.0  2988.0  3031.0
2274.0 2374.0 2400.0  2460.0 2703.0 2715.0  2700.0  2895.0  2988.0  3031.0
2274.0 2374.0 2400.0  2460.0 2703.0 2715.0  2700.0  2895.0  2988.0  3031.0
