3.644900000000000091e+03 1.000514711825185143e+00
3.645329999999999927e+03 1.000740164112249753e+00
3.645650000000000091e+03 9.879744600843106683e-01
3.645969999999999800e+03 9.433391610622631207e-01
3.646400000000000091e+03 9.006733791894777630e-01
3.646730000000000018e+03 8.603769732392388958e-01
3.647150000000000091e+03 8.220288153545769472e-01
3.647480000000000018e+03 7.856161440852804656e-01
3.647800000000000182e+03 7.509900758455524405e-01
3.648230000000000018e+03 7.185079312413062969e-01
3.648550000000000182e+03 6.877911205829430052e-01
3.648980000000000018e+03 6.589502431056265541e-01
3.649300000000000182e+03 6.320873904110463348e-01
3.649619999999999891e+03 6.070153945627714265e-01
3.650050000000000182e+03 5.838448547959657065e-01
3.650380000000000109e+03 5.626268169114738704e-01
3.650809999999999945e+03 5.432719507578174234e-01
3.651130000000000109e+03 5.260695158731171217e-01
3.651449999999999818e+03 5.109344359226315468e-01
3.651880000000000109e+03 4.979220105239425820e-01
3.652199999999999818e+03 4.870620163942097069e-01
3.652630000000000109e+03 4.782821386489027327e-01
3.652960000000000036e+03 4.718546215591939985e-01
3.653280000000000200e+03 4.676603582564455852e-01
3.653710000000000036e+03 4.657206178243428751e-01
3.654030000000000200e+03 4.660694307967824246e-01
3.654460000000000036e+03 4.685408983210185285e-01
3.654789999999999964e+03 4.732286043652667584e-01
3.655110000000000127e+03 4.800602340449968697e-01
3.655539999999999964e+03 4.886444362203987701e-01
3.655860000000000127e+03 4.992492013459076117e-01
3.656190000000000055e+03 5.113725790465495358e-01
3.656619999999999891e+03 5.248529242863159139e-01
3.656940000000000055e+03 5.395838916467801116e-01
3.657369999999999891e+03 5.552081605220283711e-01
3.657699999999999818e+03 5.715853549597376126e-01
3.658019999999999982e+03 5.883071085531492717e-01
3.658449999999999818e+03 6.052032686327807331e-01
3.658780000000000200e+03 6.219037531425071208e-01
3.659210000000000036e+03 6.381490792613672136e-01
3.659530000000000200e+03 6.536499874512405883e-01
3.659860000000000127e+03 6.682958784769634786e-01
3.660289999999999964e+03 6.818102542506263575e-01
3.660610000000000127e+03 6.942058762224405655e-01
3.661050000000000182e+03 7.049935554676433069e-01
3.661369999999999891e+03 7.143434446557173079e-01
3.661699999999999818e+03 7.226554025599468689e-01
3.662130000000000109e+03 7.347319882764811183e-01
3.662449999999999818e+03 7.449921942462874869e-01
3.662780000000000200e+03 7.534870662702108923e-01
3.663210000000000036e+03 7.602761577825704054e-01
3.663530000000000200e+03 7.657635813733872920e-01
3.663969999999999800e+03 7.698259763572865566e-01
3.664289999999999964e+03 7.727100641050181906e-01
3.664619999999999891e+03 7.745306976684830369e-01
3.665050000000000182e+03 7.755984056694869011e-01
3.665380000000000109e+03 7.759940106260342363e-01
3.665809999999999945e+03 7.756324362033835129e-01
3.666130000000000109e+03 7.751389934618836408e-01
3.666460000000000036e+03 7.742882301144702328e-01
3.666889999999999873e+03 7.730333541770353367e-01
3.667219999999999800e+03 7.720081843434021263e-01
3.667539999999999964e+03 7.708043542068120368e-01
3.667980000000000018e+03 7.697366462058081726e-01
3.668300000000000182e+03 7.687157301889120387e-01
3.668739999999999782e+03 7.676480221879080634e-01
3.669059999999999945e+03 7.668057664739688084e-01
3.669389999999999873e+03 7.659635107600294424e-01
3.669820000000000164e+03 7.652531233649392250e-01
3.670150000000000091e+03 7.645895279539567380e-01
3.670480000000000018e+03 7.639259325429741398e-01
3.670909999999999854e+03 7.632155451478839225e-01
3.671239999999999782e+03 7.625562035536385119e-01
3.671670000000000073e+03 7.616714096723284921e-01
3.672000000000000000e+03 7.606632551056435876e-01
3.672320000000000164e+03 7.594764402360018041e-01
3.672760000000000218e+03 7.582470871989892558e-01
3.673090000000000146e+03 7.567199669903821313e-01
3.673409999999999854e+03 7.548440338093354018e-01
3.673849999999999909e+03 7.529298162776550951e-01
3.674170000000000073e+03 7.505434250881602987e-01
3.674610000000000127e+03 7.481230033647690014e-01
3.674940000000000055e+03 7.452389156170373674e-01
3.675260000000000218e+03 7.421974366500342368e-01
3.675699999999999818e+03 7.389517744796518794e-01
3.676030000000000200e+03 7.352552077351403037e-01
3.676349999999999909e+03 7.315799100743142214e-01
3.676789999999999964e+03 7.273771391380916551e-01
3.677119999999999891e+03 7.232381754529251250e-01
3.677550000000000182e+03 7.187503987953191009e-01
3.677880000000000109e+03 7.141690381694976164e-01
3.678210000000000036e+03 7.094515554080899067e-01
3.678639999999999873e+03 7.047255650132081550e-01
3.678969999999999800e+03 6.999102444668479084e-01
3.679300000000000182e+03 6.949715632351126660e-01
3.679739999999999782e+03 6.900201205531663051e-01
3.680059999999999945e+03 6.853068916084956719e-01
3.680500000000000000e+03 6.804277638110795001e-01
3.680829999999999927e+03 6.757783421174649030e-01
3.681159999999999854e+03 6.711629509577468067e-01
3.681590000000000146e+03 6.666921895670890885e-01
3.681920000000000073e+03 6.624426266467587920e-01
3.682250000000000000e+03 6.583717240293853745e-01
3.682690000000000055e+03 6.545858271333954148e-01
3.683010000000000218e+03 6.510126210742588349e-01
3.683449999999999818e+03 6.475670295172343272e-01
3.683780000000000200e+03 6.444787585661234663e-01
3.684110000000000127e+03 6.416967624200814457e-01
3.684550000000000182e+03 6.391870105452116535e-01
3.684880000000000109e+03 6.368686804235099697e-01
3.685199999999999818e+03 6.348523712901400495e-01
3.685639999999999873e+03 6.329509152086709722e-01
3.685969999999999800e+03 6.312366270636328158e-01
3.686300000000000182e+03 6.296712225043921141e-01
3.686739999999999782e+03 6.283653007661124112e-01
3.687070000000000164e+03 6.270976633784662857e-01
3.687510000000000218e+03 6.257917416401866939e-01
3.687829999999999927e+03 6.246729878383379120e-01
3.688159999999999854e+03 6.234138580841660504e-01
3.688599999999999909e+03 6.222610737484207677e-01
3.688929999999999836e+03 6.210019439942487951e-01
3.689260000000000218e+03 6.196066921044907083e-01
3.689699999999999818e+03 6.180370337285129301e-01
3.690030000000000200e+03 6.163610299341083509e-01
3.690360000000000127e+03 6.145531578208547341e-01
3.690800000000000182e+03 6.125708792213814258e-01
3.691130000000000109e+03 6.104865090202183930e-01
3.691460000000000036e+03 6.081341483646202084e-01
3.691900000000000091e+03 6.054755129039530726e-01
3.692230000000000018e+03 6.027232934750704763e-01
3.692670000000000073e+03 5.996733068745931927e-01
3.693000000000000000e+03 5.964021218037884875e-01
3.693329999999999927e+03 5.928714539120225613e-01
3.693769999999999982e+03 5.891919024344592914e-01
3.694099999999999909e+03 5.852996601200427529e-01
3.694429999999999836e+03 5.811692040683503757e-01
3.694869999999999891e+03 5.767622499287485827e-01
3.695199999999999818e+03 5.722957423548278300e-01
3.695530000000000200e+03 5.675995286771055026e-01
3.695969999999999800e+03 5.629118226328573282e-01
3.696300000000000182e+03 5.581645631542901942e-01
3.696630000000000109e+03 5.534555880263566374e-01
3.697070000000000164e+03 5.488827350340093059e-01
3.697400000000000091e+03 5.445055576115669371e-01
3.697840000000000146e+03 5.402559946912367517e-01
3.698170000000000073e+03 5.364403210780873676e-01
3.698510000000000218e+03 5.330202524214852078e-01
3.698949999999999818e+03 5.299575043707966948e-01
3.699280000000000200e+03 5.275498440976166270e-01
3.699610000000000127e+03 5.256356265659363203e-01
3.700050000000000182e+03 5.241808212418592738e-01
3.700380000000000109e+03 5.233640884283423667e-01
3.700710000000000036e+03 5.230280369061139911e-01
3.701159999999999854e+03 5.231428899580148340e-01
3.701489999999999782e+03 5.238915617037386285e-01
3.701820000000000164e+03 5.250060616888503340e-01
3.702260000000000218e+03 5.263332525108153082e-01
3.702590000000000146e+03 5.280603021060646940e-01
3.702920000000000073e+03 5.299149662034260411e-01
3.703369999999999891e+03 5.318674680857399251e-01
3.703699999999999818e+03 5.338582543186874974e-01
3.704139999999999873e+03 5.359468783365874955e-01
3.704469999999999800e+03 5.379504260197461862e-01
3.704800000000000182e+03 5.399667351531161064e-01
3.705250000000000000e+03 5.418256530672145299e-01
3.705579999999999927e+03 5.436037484633087224e-01
3.705909999999999854e+03 5.453860976761398804e-01
3.706360000000000127e+03 5.470195633031738058e-01
3.706690000000000055e+03 5.486870594641041210e-01
3.707019999999999982e+03 5.503588094417716237e-01
3.707460000000000036e+03 5.518774220169047062e-01
3.707800000000000182e+03 5.534300651259342896e-01
3.708130000000000109e+03 5.549912158684379149e-01
3.708570000000000164e+03 5.562673608895581934e-01
3.708909999999999854e+03 5.575775364445748616e-01
3.709239999999999782e+03 5.585048684932555352e-01
3.709679999999999836e+03 5.592705555059277467e-01
3.710019999999999982e+03 5.595555612273112045e-01
3.710349999999999909e+03 5.595853379444706288e-01
3.710789999999999964e+03 5.589345039836993712e-01
3.711130000000000109e+03 5.578072425483765473e-01
3.711460000000000036e+03 5.560419086024935842e-01
3.711900000000000091e+03 5.537363399310031298e-01
3.712239999999999782e+03 5.508394907330602663e-01
3.712570000000000164e+03 5.474534526103546073e-01
3.713019999999999982e+03 5.435527026624639158e-01
3.713349999999999909e+03 5.394647847781421923e-01
3.713679999999999836e+03 5.352875367423420849e-01
3.714130000000000109e+03 5.309869280211669818e-01
3.714460000000000036e+03 5.268692334196858340e-01
3.714800000000000182e+03 5.232705044601267952e-01
3.715239999999999782e+03 5.202630560270202764e-01
3.715570000000000164e+03 5.178979339212107513e-01
3.715909999999999854e+03 5.166132812666164309e-01
3.716349999999999909e+03 5.162517068439657075e-01
3.716690000000000055e+03 5.169918709562154602e-01
3.717019999999999982e+03 5.189273575715811493e-01
3.717469999999999800e+03 5.220368976063772815e-01
3.717800000000000182e+03 5.260439929726947739e-01
3.718139999999999873e+03 5.309401360370592515e-01
3.718579999999999927e+03 5.365892046638847113e-01
3.718920000000000073e+03 5.425785786296755120e-01
3.719250000000000000e+03 5.488912426674833478e-01
3.719699999999999818e+03 5.551103227370758342e-01
3.720030000000000200e+03 5.607934218977977947e-01
3.720369999999999891e+03 5.658809867153303808e-01
3.720820000000000164e+03 5.699263664322813394e-01
3.721150000000000091e+03 5.728529923473837382e-01
3.721489999999999782e+03 5.742014522530339837e-01
3.721929999999999836e+03 5.740610763007107931e-01
3.722269999999999982e+03 5.721128282351339855e-01
3.722599999999999909e+03 5.684630534747302510e-01
3.723050000000000182e+03 5.631160058362365550e-01
3.723389999999999873e+03 5.563141528736659236e-01
3.723719999999999800e+03 5.479511491685915558e-01
3.724170000000000073e+03 5.385629756298838666e-01
3.724500000000000000e+03 5.281538860742801544e-01
3.724840000000000146e+03 5.173449377453920306e-01
3.725289999999999964e+03 5.063785981972325212e-01
3.725619999999999891e+03 4.956759952867710317e-01
3.725960000000000036e+03 4.856454954207662933e-01
3.726409999999999854e+03 4.765593428703904788e-01
3.726739999999999782e+03 4.688556807595615217e-01
3.727079999999999927e+03 4.628705606105077974e-01
3.727530000000000200e+03 4.587273431086041908e-01
3.727860000000000127e+03 4.568514099275575169e-01
3.728199999999999818e+03 4.571917152665229134e-01
3.728650000000000091e+03 4.598248278267675904e-01
3.728980000000000018e+03 4.647464937915544714e-01
3.729320000000000164e+03 4.718843982763534783e-01
3.729769999999999982e+03 4.809875660936775432e-01
3.730110000000000127e+03 4.917582300719320343e-01
3.730440000000000055e+03 5.039369073901558416e-01
3.730889999999999873e+03 5.170939625579050736e-01
3.731230000000000018e+03 5.307529681006283306e-01
3.731570000000000164e+03 5.446459335638902388e-01
3.732019999999999982e+03 5.580965020864970816e-01
3.732349999999999909e+03 5.707303377955871282e-01
3.732690000000000055e+03 5.820412364994491661e-01
3.733139999999999873e+03 5.916250856080618181e-01
3.733480000000000018e+03 5.991968794000417375e-01
3.733809999999999945e+03 6.043525052853673252e-01
3.734260000000000218e+03 6.068580033434999299e-01
3.734599999999999909e+03 6.066070281560129729e-01
3.734940000000000055e+03 6.034336808701608046e-01
3.735389999999999873e+03 5.973422153026802794e-01
3.735730000000000018e+03 5.884985303063173800e-01
3.736059999999999945e+03 5.769877022158131918e-01
3.736400000000000091e+03 5.631032443860253256e-01
3.736849999999999909e+03 5.471216549048634192e-01
3.737190000000000055e+03 5.293024165932883607e-01
3.737530000000000200e+03 5.103006172288085951e-01
3.737980000000000018e+03 4.902566327637472576e-01
3.738320000000000164e+03 4.699404040275136918e-01
3.738650000000000091e+03 4.495348451398016865e-01
3.739110000000000127e+03 4.296950438781196313e-01
3.739440000000000055e+03 4.109433689377794408e-01
3.739780000000000200e+03 3.935533407349744439e-01
3.740230000000000018e+03 3.780052151793196202e-01
3.740570000000000164e+03 3.646860895938880964e-01
3.740909999999999854e+03 3.539494561495301617e-01
3.741360000000000127e+03 3.459684451874444622e-01
3.741699999999999818e+03 3.410808097565540820e-01
3.742039999999999964e+03 3.393741784816426410e-01
3.742489999999999782e+03 3.409366053691674781e-01
3.742829999999999927e+03 3.457770234342764093e-01
3.743170000000000073e+03 3.540111364922176596e-01
3.743510000000000218e+03 3.653743571419456049e-01
3.743960000000000036e+03 3.797807582853715558e-01
3.744300000000000182e+03 3.970589111079916300e-01
3.744639999999999873e+03 4.167506795472237235e-01
3.745090000000000146e+03 4.386025361255386223e-01
3.745429999999999836e+03 4.622665186338442145e-01
3.745769999999999982e+03 4.872066461632699741e-01
3.746219999999999800e+03 5.129890294066351553e-01
3.746559999999999945e+03 5.389288038692716665e-01
3.746900000000000091e+03 5.647452176465334039e-01
3.747360000000000127e+03 5.895832535742695502e-01
3.747699999999999818e+03 6.131493982976224943e-01
3.748039999999999964e+03 6.347290106047651648e-01
3.748489999999999782e+03 6.538584244713568916e-01
3.748829999999999927e+03 6.700484509726352123e-01
3.749170000000000073e+03 6.831629679730137905e-01
3.749510000000000218e+03 6.925426338782472158e-01
3.749960000000000036e+03 6.981406567042278688e-01
3.750300000000000182e+03 6.999442750007444092e-01
3.750639999999999873e+03 6.975663914447237657e-01
3.751099999999999909e+03 6.911601434387003584e-01
3.751440000000000055e+03 6.809254603693163377e-01
3.751780000000000200e+03 6.669942105554208522e-01
3.752230000000000018e+03 6.495578157501818994e-01
3.752570000000000164e+03 6.292713637311077024e-01
3.752909999999999854e+03 6.062582151835734789e-01
3.753250000000000000e+03 5.811394273511908404e-01
3.753710000000000036e+03 5.542085135888176195e-01
3.754050000000000182e+03 5.261333231241731578e-01
3.754389999999999873e+03 4.972966994635937277e-01
3.754849999999999909e+03 4.681793238983678052e-01
3.755190000000000055e+03 4.391725475683056490e-01
3.755530000000000200e+03 4.108221351607729832e-01
3.755980000000000018e+03 3.834849819000097915e-01
3.756320000000000164e+03 3.574124883551766940e-01
3.756670000000000073e+03 3.329585720787976988e-01
3.757119999999999891e+03 3.103027441371770667e-01
3.757460000000000036e+03 2.896717329624005077e-01
3.757800000000000182e+03 2.712863116431217803e-01
3.758150000000000091e+03 2.551809360949111594e-01
3.758599999999999909e+03 2.415142736820612424e-01
3.758940000000000055e+03 2.302841974962034632e-01
3.759289999999999964e+03 2.216587332984520375e-01
3.759739999999999782e+03 2.155655662042767762e-01
3.760079999999999927e+03 2.121293330440738034e-01
3.760429999999999836e+03 2.113108987038620490e-01
3.760769999999999982e+03 2.131783242514345977e-01
3.761219999999999800e+03 2.177894615944155898e-01
3.761570000000000164e+03 2.250911380235916803e-01
3.761909999999999854e+03 2.352228787279386502e-01
3.762369999999999891e+03 2.480698306555556842e-01
3.762710000000000036e+03 2.637515260567544484e-01
3.763050000000000182e+03 2.822386135960490705e-01
3.763510000000000218e+03 3.033962472828745649e-01
3.763849999999999909e+03 3.272890851316343497e-01
3.764190000000000055e+03 3.536325468026186303e-01
3.764539999999999964e+03 3.824483267611864523e-01
3.764989999999999782e+03 4.133016849368095769e-01
3.765340000000000146e+03 4.461573146505702359e-01
3.765679999999999836e+03 4.804090470174364191e-01
3.766139999999999873e+03 5.158263251702590590e-01
3.766480000000000018e+03 5.519837674353313961e-01
3.766820000000000164e+03 5.882262860351450406e-01
3.767280000000000200e+03 6.240774534951485375e-01
3.767630000000000109e+03 6.589630045558376725e-01
3.767969999999999800e+03 6.922788972405490293e-01
3.768309999999999945e+03 7.232722059868216258e-01
3.768769999999999982e+03 7.516153869059013504e-01
3.769110000000000127e+03 7.766363369533313410e-01
3.769460000000000036e+03 7.978798977382456359e-01
3.769920000000000073e+03 8.147675501844029444e-01
3.770260000000000218e+03 8.270908572716870744e-01
3.770599999999999909e+03 8.345903361791366937e-01
3.770949999999999818e+03 8.369426968347349893e-01
3.771409999999999854e+03 8.342372693899601233e-01
3.771750000000000000e+03 8.264357694941786292e-01
3.772099999999999909e+03 8.140103708052049969e-01
3.772550000000000182e+03 7.967568901196598885e-01
3.772900000000000091e+03 7.752581003305215601e-01
3.773239999999999782e+03 7.500074441792898838e-01
3.773590000000000146e+03 7.214175418894602787e-01
3.774050000000000182e+03 6.902115423063344135e-01
3.774389999999999873e+03 6.567552736692997550e-01
3.774739999999999782e+03 6.216144936043865865e-01
3.775199999999999818e+03 5.856229501920597880e-01
3.775539999999999964e+03 5.490826644206514562e-01
3.775889999999999873e+03 5.128103691036782763e-01
3.776230000000000018e+03 4.770655470621014693e-01
3.776690000000000055e+03 4.423586563043691022e-01
3.777039999999999964e+03 4.090657342300378918e-01
3.777380000000000109e+03 3.775845127040237115e-01
3.777840000000000146e+03 3.479430669167911105e-01
3.778190000000000055e+03 3.204268279713973211e-01
3.778530000000000200e+03 2.951544773548065992e-01
3.778880000000000109e+03 2.721889715547274879e-01
3.779340000000000146e+03 2.515149968309065565e-01
3.779690000000000055e+03 2.330687459322877408e-01
3.780030000000000200e+03 2.167727993942565046e-01
3.780489999999999782e+03 2.025344240119447137e-01
3.780840000000000146e+03 1.902481251302731435e-01
3.781179999999999836e+03 1.797799075220241349e-01
3.781530000000000200e+03 1.709859921814848305e-01
3.781989999999999782e+03 1.637400407515643419e-01
3.782340000000000146e+03 1.578974234632023466e-01
3.782679999999999836e+03 1.533896538669320964e-01
3.783030000000000200e+03 1.501120880710217209e-01
3.783489999999999782e+03 1.479485968785492767e-01
3.783840000000000146e+03 1.469366138768009589e-01
3.784179999999999836e+03 1.470114810513733494e-01
3.784650000000000091e+03 1.481991466843625427e-01
3.784989999999999782e+03 1.505447012331814771e-01
3.785340000000000146e+03 1.541293925975081025e-01
3.785690000000000055e+03 1.590034158148398713e-01
3.786150000000000091e+03 1.653105498908896132e-01
3.786500000000000000e+03 1.731894692512857270e-01
3.786840000000000146e+03 1.828273418324591615e-01
3.787190000000000055e+03 1.943845365253974167e-01
3.787650000000000091e+03 2.079963247023391693e-01
3.788000000000000000e+03 2.239115546424028935e-01
3.788349999999999909e+03 2.423242003887988438e-01
3.788809999999999945e+03 2.632631878953390903e-01
3.789159999999999854e+03 2.870194782268390421e-01
3.789500000000000000e+03 3.136398633674064018e-01
3.789849999999999909e+03 3.431243433170412249e-01
3.790320000000000164e+03 3.755303446016938773e-01
3.790659999999999854e+03 4.107383349710527765e-01
3.791010000000000218e+03 4.487308737764959532e-01
3.791360000000000127e+03 4.891081022447391069e-01
3.791820000000000164e+03 5.317398535836279638e-01
3.792170000000000073e+03 5.759965629160764822e-01
3.792519999999999982e+03 6.216442703215460108e-01
3.792980000000000018e+03 6.680874414568471753e-01
3.793329999999999927e+03 7.145859122097302230e-01
3.793679999999999836e+03 7.604590719022643608e-01
3.794030000000000200e+03 8.051837010757902924e-01
3.794489999999999782e+03 8.477899295142566904e-01
3.794840000000000146e+03 8.875843850895215326e-01
3.795190000000000055e+03 9.236950353704861394e-01
3.795539999999999964e+03 9.557603059344996765e-01
3.796000000000000000e+03 9.827507731311919681e-01
3.796349999999999909e+03 1.004300608721174992e+00
3.796699999999999818e+03 1.020197121867595591e+00
3.797159999999999854e+03 1.029619325940199781e+00
3.797510000000000218e+03 1.032754388875418483e+00
3.797860000000000127e+03 1.029240736250600863e+00
3.798210000000000036e+03 1.019384642870815760e+00
3.798679999999999836e+03 1.003300961787964241e+00
3.799030000000000200e+03 9.814108208590157645e-01
3.799380000000000109e+03 9.540502716061987076e-01
3.799719999999999800e+03 9.217042491375386781e-01
3.800190000000000055e+03 8.852873240515052311e-01
3.800539999999999964e+03 8.454843608427661250e-01
3.800889999999999873e+03 8.026484263004981523e-01
3.801239999999999782e+03 7.579578276608687215e-01
3.801699999999999818e+03 7.119315305658001636e-01
3.802050000000000182e+03 6.653649987451241143e-01
3.802400000000000091e+03 6.191260108132021767e-01
3.802750000000000000e+03 5.734527805073101892e-01
3.803219999999999800e+03 5.291662944577021355e-01
3.803570000000000164e+03 4.867557415891408668e-01
3.803920000000000073e+03 4.464082898380571929e-01
3.804269999999999982e+03 4.086509870981738235e-01
3.804739999999999782e+03 3.735484913838941767e-01
3.805090000000000146e+03 3.412445817009311377e-01
3.805440000000000055e+03 3.118792086199342339e-01
3.805909999999999854e+03 2.853515566842349527e-01
3.806260000000000218e+03 2.616973579544246142e-01
3.806610000000000127e+03 2.407800649132434134e-01
3.806960000000000036e+03 2.224027258457651202e-01
3.807429999999999836e+03 2.064113525861078768e-01
3.807780000000000200e+03 1.926430239532420374e-01
3.808130000000000109e+03 1.808727130417767393e-01
3.808480000000000018e+03 1.709200580220602839e-01
3.808949999999999818e+03 1.625498228285328917e-01
3.809300000000000182e+03 1.555629288378997943e-01
3.809650000000000091e+03 1.498049625026054710e-01
3.810000000000000000e+03 1.450594045507331564e-01
3.810469999999999800e+03 1.412011927702130631e-01
3.810820000000000164e+03 1.381210040709026088e-01
3.811170000000000073e+03 1.356372004781289942e-01
3.811519999999999982e+03 1.336591756953926791e-01
3.811989999999999782e+03 1.321273762883747316e-01
3.812340000000000146e+03 1.309218446250898504e-01
3.812690000000000055e+03 1.299668627676182353e-01
3.813050000000000182e+03 1.292564753725279902e-01
3.813519999999999982e+03 1.287196437003101102e-01
3.813869999999999891e+03 1.282819259580658677e-01
3.814219999999999800e+03 1.279926664199453057e-01
3.814570000000000164e+03 1.277629603161436478e-01
3.815039999999999964e+03 1.276136513486725854e-01
3.815389999999999873e+03 1.275315526856471982e-01
3.815750000000000000e+03 1.274788053581075720e-01
3.816099999999999909e+03 1.274843353198657492e-01
3.816570000000000164e+03 1.275115597469829720e-01
3.816920000000000073e+03 1.276055690968721790e-01
3.817269999999999982e+03 1.277582811177328803e-01
3.817619999999999891e+03 1.279705465729125413e-01
3.818099999999999909e+03 1.282632091644227701e-01
3.818449999999999818e+03 1.286537095408855635e-01
3.818800000000000182e+03 1.292232956019788714e-01
3.819150000000000091e+03 1.299455936839329084e-01
3.819619999999999891e+03 1.309044039764678813e-01
3.819980000000000018e+03 1.321520484254497252e-01
3.820329999999999927e+03 1.337808348540728276e-01
3.820679999999999836e+03 1.358669065819306243e-01
3.821150000000000091e+03 1.384864069286166899e-01
3.821510000000000218e+03 1.418162946703930005e-01
3.821860000000000127e+03 1.459641913707073746e-01
3.822210000000000036e+03 1.511006750807161736e-01
3.822690000000000055e+03 1.573831370196909218e-01
3.823039999999999964e+03 1.651118966492685636e-01
3.823389999999999873e+03 1.744209491966667025e-01
3.823750000000000000e+03 1.856169948486279253e-01
3.824219999999999800e+03 1.988889030682780001e-01
3.824570000000000164e+03 2.146003751866362164e-01
3.824929999999999836e+03 2.329428329568705436e-01
3.825280000000000200e+03 2.541961775202800644e-01
3.825750000000000000e+03 2.786517953233538791e-01
3.826110000000000127e+03 3.065359894165039512e-01
3.826460000000000036e+03 3.379878596070324259e-01
3.826820000000000164e+03 3.732681648609214586e-01
3.827170000000000073e+03 4.123254339956525794e-01
3.827639999999999873e+03 4.551286141490452075e-01
3.828000000000000000e+03 5.017121612366696182e-01
3.828349999999999909e+03 5.519157063675382835e-01
3.828710000000000036e+03 6.053308831348928054e-01
3.829179999999999836e+03 6.615833556658712311e-01
3.829530000000000200e+03 7.202817728206633019e-01
3.829889999999999873e+03 7.805923865188040267e-01
3.830239999999999782e+03 8.418643627995219259e-01
3.830719999999999800e+03 9.033064917497224400e-01
3.831070000000000164e+03 9.641743554404189620e-01
3.831429999999999836e+03 1.022996133280585918e+00
3.831780000000000200e+03 1.079431519931258299e+00
3.832260000000000218e+03 1.131842795948664993e+00
3.832610000000000127e+03 1.179791818208888010e+00
3.832969999999999800e+03 1.222151325276604528e+00
3.833320000000000164e+03 1.257896147318181335e+00
3.833800000000000182e+03 1.286286120221368678e+00
3.834150000000000091e+03 1.307244675284899404e+00
3.834510000000000218e+03 1.319704104507769538e+00
3.834860000000000127e+03 1.323719707507561072e+00
3.835219999999999800e+03 1.319214915583006853e+00
3.835699999999999818e+03 1.306193982550843735e+00
3.836050000000000182e+03 1.285069528634567471e+00
3.836409999999999854e+03 1.256164843906194761e+00
3.836760000000000218e+03 1.220015909274596577e+00
3.837239999999999782e+03 1.177222512899699147e+00
3.837590000000000146e+03 1.129218191021894357e+00
3.837949999999999818e+03 1.076207126844561213e+00
3.838309999999999945e+03 1.019805770727785443e+00
3.838780000000000200e+03 9.607457791503426492e-01
3.839139999999999873e+03 8.999714994278616986e-01
3.839500000000000000e+03 8.383932483420749593e-01
3.839849999999999909e+03 7.770829877107234829e-01
3.840210000000000036e+03 7.169467804988025605e-01
3.840690000000000055e+03 6.583802316628595275e-01
3.841039999999999964e+03 6.022766427176784454e-01
3.841400000000000091e+03 5.489295270181170361e-01
3.841760000000000218e+03 4.990407643257913084e-01
3.842230000000000018e+03 4.526146084574384498e-01
3.842590000000000146e+03 4.099662672332750613e-01
3.842949999999999818e+03 3.710791507680266110e-01
3.843300000000000182e+03 3.361136279526805160e-01
3.843659999999999854e+03 3.047936260810011899e-01
3.844139999999999873e+03 2.771387127099790293e-01
3.844500000000000000e+03 2.528230454775547420e-01
3.844849999999999909e+03 2.317589957589447081e-01
3.845210000000000036e+03 2.135773322613715164e-01
3.845690000000000055e+03 1.979921985001042162e-01
3.846050000000000182e+03 1.848274864622282410e-01
3.846400000000000091e+03 1.737743690526324658e-01
3.846760000000000218e+03 1.645908040989778054e-01
3.847239999999999782e+03 1.569628599260686763e-01
3.847599999999999909e+03 1.507705789019197495e-01
3.847960000000000036e+03 1.457255522517579005e-01
3.848309999999999945e+03 1.416623065045111707e-01
3.848670000000000073e+03 1.384438687612460361e-01
3.849150000000000091e+03 1.359145493293857920e-01
3.849510000000000218e+03 1.339628982104192900e-01
3.849869999999999891e+03 1.324659801006453086e-01
3.850230000000000018e+03 1.313476516804703009e-01
3.850710000000000036e+03 1.305615463474602556e-01
3.851059999999999945e+03 1.299970648664514339e-01
3.851420000000000073e+03 1.296742001761080065e-01
3.851780000000000200e+03 1.295010698349093603e-01
3.852139999999999873e+03 1.295065997966675653e-01
3.852619999999999891e+03 1.295938030397774388e-01
3.852980000000000018e+03 1.298383975021588088e-01
3.853340000000000146e+03 1.301433961622065483e-01
3.853699999999999818e+03 1.305692032175869710e-01
3.854059999999999945e+03 1.310566906156548916e-01
3.854539999999999964e+03 1.316292543484641475e-01
3.854900000000000091e+03 1.323030589196156348e-01
3.855260000000000218e+03 1.330423722685179222e-01
3.855610000000000127e+03 1.338471943951710652e-01
3.856090000000000146e+03 1.347413466733026199e-01
3.856449999999999818e+03 1.357124930343751035e-01
3.856809999999999945e+03 1.367534019899354636e-01
3.857170000000000073e+03 1.378662004483522940e-01
3.857530000000000200e+03 1.390840681801746581e-01
3.858010000000000218e+03 1.403682954530952876e-01
3.858369999999999891e+03 1.417056954352292619e-01
3.858730000000000018e+03 1.431545454158743846e-01
3.859090000000000146e+03 1.446523142889958036e-01
3.859460000000000036e+03 1.462326072068163285e-01
3.859940000000000055e+03 1.478890434442303448e-01
3.860300000000000182e+03 1.496080107876792409e-01
3.860659999999999854e+03 1.513818523670363292e-01
3.861019999999999982e+03 1.532471510062403397e-01
3.861500000000000000e+03 1.551260618590029894e-01
3.861860000000000127e+03 1.570734591612324149e-01
3.862219999999999800e+03 1.590455286005368341e-01
3.862579999999999927e+03 1.610422701769162468e-01
3.862940000000000055e+03 1.630645346537180351e-01
3.863420000000000073e+03 1.650638285201397049e-01
3.863789999999999964e+03 1.670205842191906653e-01
3.864150000000000091e+03 1.689228910640071801e-01
3.864510000000000218e+03 1.707290616505659775e-01
3.864869999999999891e+03 1.724748280394584055e-01
3.865349999999999909e+03 1.740274711484879888e-01
3.865710000000000036e+03 1.754431413585839927e-01
3.866070000000000164e+03 1.766669644338382528e-01
3.866440000000000055e+03 1.776946865575137202e-01
3.866800000000000182e+03 1.784812172721974843e-01
3.867280000000000200e+03 1.789716823419813529e-01
3.867639999999999873e+03 1.792269113462053864e-01
3.868000000000000000e+03 1.792345682163321019e-01
3.868369999999999891e+03 1.789538163116856651e-01
3.868849999999999909e+03 1.783744464720970757e-01
3.869210000000000036e+03 1.776036548793404890e-01
3.869570000000000164e+03 1.766320831365943145e-01
3.869940000000000055e+03 1.755452329602736061e-01
3.870300000000000182e+03 1.743039692363973492e-01
3.870780000000000200e+03 1.731005644814810063e-01
3.871139999999999873e+03 1.719558623975361855e-01
3.871510000000000218e+03 1.710549040126253251e-01
3.871869999999999891e+03 1.705116916153018303e-01
3.872230000000000018e+03 1.704797879897738122e-01
3.872719999999999800e+03 1.711450849274511465e-01
3.873079999999999927e+03 1.727755728827690684e-01
3.873440000000000055e+03 1.756715713173644944e-01
3.873809999999999945e+03 1.801440342347170875e-01
3.874170000000000073e+03 1.865260354853392200e-01
3.874650000000000091e+03 1.952676288800125892e-01
3.875019999999999982e+03 2.068941607857650300e-01
3.875380000000000109e+03 2.219054546692019458e-01
3.875739999999999782e+03 2.409272469723459376e-01
3.876110000000000127e+03 2.647311800513010294e-01
3.876590000000000146e+03 2.939655355767962774e-01
3.876949999999999818e+03 3.293930228897878898e-01
3.877320000000000164e+03 3.719915944581275724e-01
3.877679999999999836e+03 4.226217974077240980e-01
3.878050000000000182e+03 4.820254973775219831e-01
3.878530000000000200e+03 5.511372579046549536e-01
3.878900000000000091e+03 6.307814686727666320e-01
3.879260000000000218e+03 7.217706086786369601e-01
3.879619999999999891e+03 8.245513286796578578e-01
3.879989999999999782e+03 9.397999855370230415e-01
3.880469999999999800e+03 1.067644193752844695e+00
3.880840000000000146e+03 1.208215821645971744e+00
3.881199999999999818e+03 1.361017172658167462e+00
3.881570000000000164e+03 1.525746225801100087e+00
3.881929999999999836e+03 1.700982206284588738e+00
3.882300000000000182e+03 1.886333762968823713e+00
3.882780000000000200e+03 2.079265621078512538e+00
3.883150000000000091e+03 2.278391036357371835e+00
3.883510000000000218e+03 2.480540915336285401e+00
3.883880000000000109e+03 2.684507174061927071e+00
3.884239999999999782e+03 2.885916888928591106e+00
3.884730000000000018e+03 3.082298592412041849e+00
3.885090000000000146e+03 3.270338561274103384e+00
3.885460000000000036e+03 3.446757102810496853e+00
3.885820000000000164e+03 3.607691751423965254e+00
3.886190000000000055e+03 3.751874869726862460e+00
3.886679999999999836e+03 3.874712335643155647e+00
3.887039999999999964e+03 3.974272916374216980e+00
3.887409999999999854e+03 4.049259197815239908e+00
3.887769999999999982e+03 4.097267773509781996e+00
3.888139999999999873e+03 4.117298996524631605e+00
3.888630000000000109e+03 4.108689271448807467e+00
3.888989999999999782e+03 4.073067810092605434e+00
3.889360000000000127e+03 4.009035106749530897e+00
3.889730000000000018e+03 3.919743239621750419e+00
3.890090000000000146e+03 3.806936273571461804e+00
3.890460000000000036e+03 3.671932891787156095e+00
3.890949999999999818e+03 3.517106724008116192e+00
3.891309999999999945e+03 3.346600987736246147e+00
3.891679999999999836e+03 3.163163648583691590e+00
3.892050000000000182e+03 2.970572095812967994e+00
3.892409999999999854e+03 2.770498079401743308e+00
3.892900000000000091e+03 2.567727143179217464e+00
3.893269999999999982e+03 2.364654185968360078e+00
3.893630000000000109e+03 2.163644329874980343e+00
3.894000000000000000e+03 1.967900698902089962e+00
3.894369999999999891e+03 1.779184373178834599e+00
3.894860000000000127e+03 1.599235163750675204e+00
3.895219999999999800e+03 1.429652505710748978e+00
3.895590000000000146e+03 1.271597691028275134e+00
3.895960000000000036e+03 1.125555654811279505e+00
3.896329999999999927e+03 9.919390172832573960e-01
3.896690000000000055e+03 8.709732307312736399e-01
3.897179999999999836e+03 7.622456749318325953e-01
3.897550000000000182e+03 6.657520960681971856e-01
3.897920000000000073e+03 5.806715075101134271e-01
3.898289999999999964e+03 5.062297146114350666e-01
3.898650000000000091e+03 4.418439444791839588e-01
3.899139999999999873e+03 3.865064679283486959e-01
3.899510000000000218e+03 3.393712008099267208e-01
3.899880000000000109e+03 2.995669614561665695e-01
3.900250000000000000e+03 2.662017244973052255e-01
3.900619999999999891e+03 2.384672647532999068e-01
3.900980000000000018e+03 2.156489410123233197e-01
3.901480000000000018e+03 1.969415057660485746e-01
3.901840000000000146e+03 1.817843059685302631e-01
3.902210000000000036e+03 1.695796803682103893e-01
3.902579999999999927e+03 1.598422684753895429e-01
3.902949999999999818e+03 1.521283972043916410e-01
3.903320000000000164e+03 1.460926566361668011e-01
3.903809999999999945e+03 1.413573078444634312e-01
3.904179999999999836e+03 1.376692487334260639e-01
3.904550000000000182e+03 1.348821480072995571e-01
3.904920000000000073e+03 1.327309928833645958e-01
3.905289999999999964e+03 1.310962511113096252e-01
3.905780000000000200e+03 1.298915702113721538e-01
3.906150000000000091e+03 1.289731711778393242e-01
3.906519999999999982e+03 1.282972396983193264e-01
3.906889999999999873e+03 1.278012446667772528e-01
3.907250000000000000e+03 1.274537078393588596e-01
3.907619999999999891e+03 1.271950757817451594e-01
3.908119999999999891e+03 1.269874895249762936e-01
3.908489999999999782e+03 1.268756141447914265e-01
3.908860000000000127e+03 1.267641641462802504e-01
3.909230000000000018e+03 1.267109914370669055e-01
3.909599999999999909e+03 1.266578187278535605e-01
3.909969999999999800e+03 1.266339973541259767e-01
3.910460000000000036e+03 1.265727423931122253e-01
3.910829999999999927e+03 1.265782723548704025e-01
3.911199999999999818e+03 1.265833769349548887e-01
3.911570000000000164e+03 1.265884815150393750e-01
3.911940000000000055e+03 1.266225120489359035e-01
3.912309999999999945e+03 1.266569679645061508e-01
3.912800000000000182e+03 1.267126929637617250e-01
3.913170000000000073e+03 1.268054261686298034e-01
3.913539999999999964e+03 1.269275107089836430e-01
3.913920000000000073e+03 1.271078725386352859e-01
3.914289999999999964e+03 1.273771391380916496e-01
3.914659999999999854e+03 1.277051084085195354e-01
3.915150000000000091e+03 1.281738790129443584e-01
3.915519999999999982e+03 1.288298175538001578e-01
3.915889999999999873e+03 1.297282236486687612e-01
3.916260000000000218e+03 1.309639574107868409e-01
3.916639999999999873e+03 1.325774300991564569e-01
3.917010000000000218e+03 1.347681457187461518e-01
3.917500000000000000e+03 1.376186283142549760e-01
3.917869999999999891e+03 1.413824053632121436e-01
3.918239999999999782e+03 1.462555778171964749e-01
3.918619999999999891e+03 1.525563311681406020e-01
3.918989999999999782e+03 1.606011493812823654e-01
3.919360000000000127e+03 1.708307278705818721e-01
3.919849999999999909e+03 1.836776797981989340e-01
3.920230000000000018e+03 1.997439202324285401e-01
3.920599999999999909e+03 2.197309035532131194e-01
3.920969999999999800e+03 2.442354402487632026e-01
3.921340000000000146e+03 2.741112713382082289e-01
3.921710000000000036e+03 3.102729674200175869e-01
3.922210000000000036e+03 3.536993317253905866e-01
3.922579999999999927e+03 4.052764342806582931e-01
3.922960000000000036e+03 4.661970452988944413e-01
3.923329999999999927e+03 5.373889222104533125e-01
3.923699999999999818e+03 6.200193123279862384e-01
3.924070000000000164e+03 7.150283091503851773e-01
3.924570000000000164e+03 8.230242084710506223e-01
3.924940000000000055e+03 9.452108404265727737e-01
3.925320000000000164e+03 1.082047617224554781e+00
3.925690000000000055e+03 1.233572823215630221e+00
3.926059999999999945e+03 1.399850265650855130e+00
3.926429999999999836e+03 1.580879944530229730e+00
3.926929999999999836e+03 1.775372953382422292e+00
3.927300000000000182e+03 1.982925179617411660e+00
3.927679999999999836e+03 2.201528821735302177e+00
3.928050000000000182e+03 2.429078240451244763e+00
3.928420000000000073e+03 2.662923307938047213e+00
3.928800000000000182e+03 2.901192344831399872e+00
3.929170000000000073e+03 3.139742133629399135e+00
3.929670000000000073e+03 3.375076036974175242e+00
3.930039999999999964e+03 3.604139814448513945e+00
3.930420000000000073e+03 3.823126300072740236e+00
3.930789999999999964e+03 4.026577846973196984e+00
3.931159999999999854e+03 4.212631283419047357e+00
3.931539999999999964e+03 4.376922193438062436e+00
3.932039999999999964e+03 4.515043622890638986e+00
3.932409999999999854e+03 4.626748850406026570e+00
3.932789999999999964e+03 4.707571368410306434e+00
3.933159999999999854e+03 4.755682035706537469e+00
3.933530000000000200e+03 4.771208466796833747e+00
3.933909999999999854e+03 4.753852894509599025e+00
3.934280000000000200e+03 4.703955624183798534e+00
3.934780000000000200e+03 4.621176350480468820e+00
3.935159999999999854e+03 4.507897210772365604e+00
3.935530000000000200e+03 4.368074254624962016e+00
3.935909999999999854e+03 4.202485930501142164e+00
3.936280000000000200e+03 4.016279356652757038e+00
3.936659999999999854e+03 3.811015683822309708e+00
3.937159999999999854e+03 3.591948375680078964e+00
3.937530000000000200e+03 3.362386901647503201e+00
3.937909999999999854e+03 3.126546794111016325e+00
3.938280000000000200e+03 2.887899167528064748e+00
3.938659999999999854e+03 2.649715206969453174e+00
3.939030000000000200e+03 2.416108353219926563e+00
3.939409999999999854e+03 2.188941778010319972e+00
3.939909999999999854e+03 1.970712471765291518e+00
3.940280000000000200e+03 1.764168400096987055e+00
3.940659999999999854e+03 1.570211372153664797e+00
3.941039999999999964e+03 1.390189847840975323e+00
3.941409999999999854e+03 1.224597269900418173e+00
3.941789999999999964e+03 1.074012157408234636e+00
3.942159999999999854e+03 9.380516668580883843e-01
3.942670000000000073e+03 8.166137066482901385e-01
3.943039999999999964e+03 7.091410267862839900e-01
3.943420000000000073e+03 6.149657780443502642e-01
3.943789999999999964e+03 5.330500291386446321e-01
3.944170000000000073e+03 4.623643564187967514e-01
3.944550000000000182e+03 4.020694818425832318e-01
3.944920000000000073e+03 3.509283955028649205e-01
3.945429999999999836e+03 3.078989122990603566e-01
3.945800000000000182e+03 2.721604709825891089e-01
3.946179999999999836e+03 2.425726232862435716e-01
3.946559999999999945e+03 2.183530923120770018e-01
3.946929999999999836e+03 1.986447339875703488e-01
3.947309999999999945e+03 1.828073488937949631e-01
3.947690000000000055e+03 1.701416095591769817e-01
3.948190000000000055e+03 1.601400356469842579e-01
3.948570000000000164e+03 1.522709000650833977e-01
3.948940000000000055e+03 1.462292041534266618e-01
3.949320000000000164e+03 1.416287013522883331e-01
3.949699999999999818e+03 1.382507454813831638e-01
3.950079999999999927e+03 1.358579735667828081e-01
3.950449999999999818e+03 1.343078827477954540e-01
3.950960000000000036e+03 1.334720077589617304e-01
3.951340000000000146e+03 1.333852298975255479e-01
3.951710000000000036e+03 1.339446067984499111e-01
3.952090000000000146e+03 1.352828575439312953e-01
3.952469999999999800e+03 1.373910491188218563e-01
3.952849999999999909e+03 1.404997383902706620e-01
3.953230000000000018e+03 1.447416444404742153e-01
3.953730000000000018e+03 1.504119821509849741e-01
3.954110000000000127e+03 1.577970333882075804e-01
3.954489999999999782e+03 1.673460011995763219e-01
3.954860000000000127e+03 1.794455575264906344e-01
3.955239999999999782e+03 1.947371779329002961e-01
3.955619999999999891e+03 2.138780771046821794e-01
3.956000000000000000e+03 2.375654556050416366e-01
3.956380000000000109e+03 2.666245538809696725e-01
3.956880000000000109e+03 3.021264829868599566e-01
3.957260000000000218e+03 3.449896419562452632e-01
3.957639999999999873e+03 3.964816681767716067e-01
3.958019999999999982e+03 4.576553812908632501e-01
3.958400000000000091e+03 5.298554127691070814e-01
3.958780000000000200e+03 6.142894211831565476e-01
3.959159999999999854e+03 7.121782519365500441e-01
3.959659999999999854e+03 8.246661817315585896e-01
3.960039999999999964e+03 9.530080865056171913e-01
3.960420000000000073e+03 1.098024952888979611e+00
3.960800000000000182e+03 1.260461198810632899e+00
3.961179999999999836e+03 1.440610337625434445e+00
3.961559999999999945e+03 1.638561699484862855e+00
3.961940000000000055e+03 1.854302522938706677e+00
3.962320000000000164e+03 2.086395017929837614e+00
3.962829999999999927e+03 2.333916106226311626e+00
3.963210000000000036e+03 2.595985247763555659e+00
3.963590000000000146e+03 2.868922891064006997e+00
3.963969999999999800e+03 3.150904148747463829e+00
3.964349999999999909e+03 3.438368576204999805e+00
3.964730000000000018e+03 3.727079371966496968e+00
3.965110000000000127e+03 4.014075879582955864e+00
3.965489999999999782e+03 4.293419770889430609e+00
3.966000000000000000e+03 4.562388603174198032e+00
3.966380000000000109e+03 4.814001863171730733e+00
3.966760000000000218e+03 5.045749799007158920e+00
3.967139999999999873e+03 5.253421132110786651e+00
3.967519999999999982e+03 5.430720213711753175e+00
3.967900000000000091e+03 5.576668665960532678e+00
3.968280000000000200e+03 5.687097748454800872e+00
3.968659999999999854e+03 5.758476793302790497e+00
3.969170000000000073e+03 5.791571487517174432e+00
3.969550000000000182e+03 5.783787002888341355e+00
3.969929999999999836e+03 5.737590553123790293e+00
3.970320000000000164e+03 5.651280611528694209e+00
3.970699999999999818e+03 5.527919926153741059e+00
3.971079999999999927e+03 5.371294393894921804e+00
3.971460000000000036e+03 5.181957010928055496e+00
3.971840000000000146e+03 4.966075811521887928e+00
3.972349999999999909e+03 4.726075471216549140e+00
3.972730000000000018e+03 4.468038947946044281e+00
3.973110000000000127e+03 4.195016228310851858e+00
3.973500000000000000e+03 3.912460705367891478e+00
3.973880000000000109e+03 3.624651718754652752e+00
3.974260000000000218e+03 3.335672932538720215e+00
3.974639999999999873e+03 3.049999361927489439e+00
3.975030000000000200e+03 2.770868161457868073e+00
3.975530000000000200e+03 2.501524993300238808e+00
3.975920000000000073e+03 2.244509386046630528e+00
3.976300000000000182e+03 2.001880186997783806e+00
3.976679999999999836e+03 1.775636690020120589e+00
3.977059999999999945e+03 1.566280845488614570e+00
3.977449999999999818e+03 1.374952676288800024e+00
3.977829999999999927e+03 1.201167247312651343e+00
3.978210000000000036e+03 1.045009634894909389e+00
3.978599999999999909e+03 9.060161730112343825e-01
3.979110000000000127e+03 7.832935601468417053e-01
3.979489999999999782e+03 6.761484241735897793e-01
3.979869999999999891e+03 5.831217059506642597e-01
3.980260000000000218e+03 5.031244283933760109e-01
3.980639999999999873e+03 4.349995533492426181e-01
3.981019999999999982e+03 3.773165222495884485e-01
3.981409999999999854e+03 3.290203885436207565e-01
3.981789999999999964e+03 2.888273503400926590e-01
3.982300000000000182e+03 2.556982002101385598e-01
3.982690000000000055e+03 2.285830961830502550e-01
3.983070000000000164e+03 2.065189741495556952e-01
3.983449999999999818e+03 1.887890659894590484e-01
3.983840000000000146e+03 1.746196024382877521e-01
3.984219999999999800e+03 1.633835709089981048e-01
3.984610000000000127e+03 1.545343559508769171e-01
3.984989999999999782e+03 1.476185006997528526e-01
3.985369999999999891e+03 1.422846398931441325e-01
3.985889999999999873e+03 1.381801321235478497e-01
3.986269999999999982e+03 1.350399646082447447e-01
3.986659999999999854e+03 1.326412373502124653e-01
3.987039999999999964e+03 1.308563358473390226e-01
3.987429999999999836e+03 1.295423318572589133e-01
3.987809999999999945e+03 1.285660809161019713e-01
3.988199999999999818e+03 1.278327229106315521e-01
3.988579999999999927e+03 1.273090780702985647e-01
3.988960000000000036e+03 1.269334660524155389e-01
3.989480000000000018e+03 1.266378257891893622e-01
3.989860000000000127e+03 1.264387471658945938e-01
3.990250000000000000e+03 1.262979458318976567e-01
3.990630000000000109e+03 1.261864958333865083e-01
3.991019999999999982e+03 1.261328977424994446e-01
3.991400000000000091e+03 1.260792996516124087e-01
3.991789999999999964e+03 1.260261269423990638e-01
3.992179999999999836e+03 1.260018801869977889e-01
3.992559999999999945e+03 1.260065593854085564e-01
3.992949999999999818e+03 1.259818872483335628e-01
3.993460000000000036e+03 1.259784841949439238e-01
3.993849999999999909e+03 1.259542374395426212e-01
3.994230000000000018e+03 1.259589166379534164e-01
3.994619999999999891e+03 1.259635958363641839e-01
3.995010000000000218e+03 1.259682750347749514e-01
3.995389999999999873e+03 1.259436028976999578e-01
3.995780000000000200e+03 1.259482820961107252e-01
3.996159999999999854e+03 1.259529612945215205e-01
3.996550000000000182e+03 1.259576404929322879e-01
3.997070000000000164e+03 1.259253114857305789e-01
3.997449999999999818e+03 1.259299906841413463e-01
3.997840000000000146e+03 1.259346698825521138e-01
3.998230000000000018e+03 1.259393490809628813e-01
3.998610000000000127e+03 1.259436028976999578e-01
3.999000000000000000e+03 1.259193561422986829e-01
3.999389999999999873e+03 1.259240353407094504e-01
3.999769999999999982e+03 1.259287145391202178e-01
