3.644900000000000091e+03 1.000280484707897877e+00
3.645329999999999927e+03 1.000739115108649990e+00
3.645650000000000091e+03 9.872872201312213880e-01
3.645969999999999800e+03 9.413862767171160550e-01
3.646400000000000091e+03 8.975624362750114216e-01
3.646730000000000018e+03 8.560279575027763821e-01
3.647150000000000091e+03 8.165554203669801447e-01
3.647480000000000018e+03 7.794897452516592606e-01
3.647800000000000182e+03 7.442737530749083952e-01
3.648230000000000018e+03 7.111007508651436826e-01
3.648550000000000182e+03 6.800730776374090958e-01
3.648980000000000018e+03 6.509557326904926722e-01
3.649300000000000182e+03 6.239875070594969042e-01
3.649619999999999891e+03 5.989599323804434272e-01
3.650050000000000182e+03 5.760966383528725032e-01
3.650380000000000109e+03 5.552877052939593217e-01
3.650809999999999945e+03 5.366809562254338806e-01
3.651130000000000109e+03 5.202839718150772397e-01
3.651449999999999818e+03 5.062483654185097048e-01
3.651880000000000109e+03 4.944945400240307043e-01
3.652199999999999818e+03 4.851589476516986466e-01
3.652630000000000109e+03 4.782794916404186081e-01
3.652960000000000036e+03 4.739206076663293188e-01
3.653280000000000200e+03 4.719875373821679765e-01
3.653710000000000036e+03 4.727456041602705050e-01
3.654030000000000200e+03 4.759370652960819292e-01
3.654460000000000036e+03 4.816680501385366964e-01
3.654789999999999964e+03 4.898589616759340126e-01
3.655110000000000127e+03 5.003733478882155250e-01
3.655539999999999964e+03 5.129686274063882667e-01
3.655860000000000127e+03 5.276106872254376912e-01
3.656190000000000055e+03 5.441744463269769794e-01
3.656619999999999891e+03 5.622581293186116325e-01
3.656940000000000055e+03 5.816456871685826702e-01
3.657369999999999891e+03 6.020831675062255917e-01
3.657699999999999818e+03 6.232749242880805118e-01
3.658019999999999982e+03 6.447661174472859580e-01
3.658449999999999818e+03 6.663444882859731466e-01
3.658780000000000200e+03 6.877371327640251497e-01
3.659210000000000036e+03 7.084664688112375375e-01
3.659530000000000200e+03 7.283543507347561841e-01
3.659860000000000127e+03 7.470786001538876064e-01
3.660289999999999964e+03 7.644762327113395761e-01
3.660610000000000127e+03 7.803425703770244803e-01
3.661050000000000182e+03 7.942985797618912214e-01
3.661369999999999891e+03 8.066929715838667692e-01
3.661699999999999818e+03 8.177683272119441460e-01
3.662130000000000109e+03 8.318153046101831594e-01
3.662449999999999818e+03 8.438192920414359088e-01
3.662780000000000200e+03 8.538333541801697013e-01
3.663210000000000036e+03 8.619295073703042709e-01
3.663530000000000200e+03 8.683503329808323068e-01
3.663969999999999800e+03 8.729555886578048707e-01
3.664289999999999964e+03 8.764237441676236973e-01
3.664619999999999891e+03 8.786941541680406420e-01
3.665050000000000182e+03 8.799032706791141134e-01
3.665380000000000109e+03 8.803543204120850563e-01
3.665809999999999945e+03 8.799449643519097197e-01
3.666130000000000109e+03 8.793839949361139663e-01
3.666460000000000036e+03 8.784174597940332951e-01
3.666889999999999873e+03 8.769960845850911513e-01
3.667219999999999800e+03 8.758324520807038160e-01
3.667539999999999964e+03 8.744679318801192869e-01
3.667980000000000018e+03 8.732550250351553967e-01
3.668300000000000182e+03 8.718942951684613973e-01
3.668739999999999782e+03 8.708860663535851199e-01
3.669059999999999945e+03 8.699309022131759273e-01
3.669389999999999873e+03 8.689757380727668457e-01
3.669820000000000164e+03 8.681683969540876511e-01
3.670150000000000091e+03 8.674141205098757634e-01
3.670480000000000018e+03 8.666636343995542946e-01
3.670909999999999854e+03 8.656591959185684360e-01
3.671239999999999782e+03 8.649087098082469671e-01
3.671670000000000073e+03 8.639080616611517494e-01
3.672000000000000000e+03 8.627595904923264225e-01
3.672320000000000164e+03 8.614140219611945426e-01
3.672760000000000218e+03 8.598258720610698624e-01
3.673090000000000146e+03 8.578928017769085201e-01
3.673409999999999854e+03 8.559635218266377077e-01
3.673849999999999909e+03 8.535945631450674309e-01
3.674170000000000073e+03 8.508920550811320815e-01
3.674610000000000127e+03 8.477574489536783275e-01
3.674940000000000055e+03 8.444901811400565839e-01
3.675260000000000218e+03 8.410409772996902955e-01
3.675699999999999818e+03 8.369777393690610579e-01
3.676030000000000200e+03 8.327932107539353090e-01
3.676349999999999909e+03 8.284381171137364941e-01
3.676789999999999964e+03 8.236774577472529835e-01
3.677119999999999891e+03 8.188030883640540214e-01
3.677550000000000182e+03 8.135345242562417312e-01
3.677880000000000109e+03 8.083493474940207646e-01
3.678210000000000036e+03 8.028268310155441956e-01
3.678639999999999873e+03 7.972967338692865669e-01
3.678969999999999800e+03 7.916642977079850763e-01
3.679300000000000182e+03 7.862554912462238477e-01
3.679739999999999782e+03 7.806609584238275446e-01
3.680059999999999945e+03 7.751460226131320352e-01
3.680500000000000000e+03 7.696272964685458851e-01
3.680829999999999927e+03 7.643701033624051844e-01
3.681159999999999854e+03 7.593213786202426263e-01
3.681590000000000146e+03 7.542612828764085897e-01
3.681920000000000073e+03 7.496294948622024279e-01
3.682250000000000000e+03 7.453615789014854665e-01
3.682690000000000055e+03 7.410785016052063856e-01
3.683010000000000218e+03 7.373753453941758185e-01
3.683449999999999818e+03 7.338124315370940787e-01
3.683780000000000200e+03 7.306437124046257781e-01
3.684110000000000127e+03 7.278312846578655071e-01
3.684550000000000182e+03 7.253145029545652323e-01
3.684880000000000109e+03 7.230175606169146896e-01
3.685199999999999818e+03 7.210617483294103902e-01
3.685639999999999873e+03 7.193940014175849162e-01
3.685969999999999800e+03 7.179423035375186446e-01
3.686300000000000182e+03 7.166611706825254391e-01
3.686739999999999782e+03 7.156643128693206402e-01
3.687070000000000164e+03 7.145499547055099709e-01
3.687510000000000218e+03 7.137236619173783492e-01
3.687829999999999927e+03 7.127722881108596864e-01
3.688159999999999854e+03 7.118284949721220833e-01
3.688599999999999909e+03 7.108392178266983441e-01
3.688929999999999836e+03 7.097324403306687346e-01
3.689260000000000218e+03 7.086218725007485952e-01
3.689699999999999818e+03 7.071512229512297854e-01
3.690030000000000200e+03 7.055630730511051052e-01
3.690360000000000127e+03 7.038119387936883076e-01
3.690800000000000182e+03 7.018674975078554867e-01
3.691130000000000109e+03 6.996425715141246782e-01
3.691460000000000036e+03 6.971068381413718651e-01
3.691900000000000091e+03 6.942186037168014412e-01
3.692230000000000018e+03 6.912242399432966256e-01
3.692670000000000073e+03 6.877257617623536712e-01
3.693000000000000000e+03 6.841287349002573848e-01
3.693329999999999927e+03 6.802360619947011022e-01
3.693769999999999982e+03 6.758582263511592192e-01
3.694099999999999909e+03 6.713932130281355937e-01
3.694429999999999836e+03 6.666515053311046213e-01
3.694869999999999891e+03 6.614473768994311165e-01
3.695199999999999818e+03 6.561750224577282964e-01
3.695530000000000200e+03 6.507889579993101359e-01
3.695969999999999800e+03 6.452626511869430370e-01
3.696300000000000182e+03 6.396756990323277936e-01
3.696630000000000109e+03 6.341380212182891052e-01
3.697070000000000164e+03 6.287519567598709447e-01
3.697400000000000091e+03 6.234492796470441078e-01
3.697840000000000146e+03 6.185824909316262055e-01
3.698170000000000073e+03 6.140719936019164438e-01
3.698510000000000218e+03 6.098760939851191054e-01
3.698949999999999818e+03 6.063700351363952024e-01
3.699280000000000200e+03 6.034780103779341376e-01
3.699610000000000127e+03 6.011507453691595781e-01
3.700050000000000182e+03 5.994867887912246340e-01
3.700380000000000109e+03 5.985505763202680907e-01
3.700710000000000036e+03 5.981677525973263521e-01
3.701159999999999854e+03 5.984406566374431691e-01
3.701489999999999782e+03 5.992972720966990297e-01
3.701820000000000164e+03 6.005708242839111755e-01
3.702260000000000218e+03 6.023674425480141092e-01
3.702590000000000146e+03 6.043422065049710579e-01
3.702920000000000073e+03 6.066050358376069429e-01
3.703369999999999891e+03 6.089777848530677495e-01
3.703699999999999818e+03 6.113960178752145813e-01
3.704139999999999873e+03 6.137877185601279262e-01
3.704469999999999800e+03 6.160884512316689987e-01
3.704800000000000182e+03 6.183929742371006011e-01
3.705250000000000000e+03 6.205269322174590263e-01
3.705579999999999927e+03 6.227063742045036987e-01
3.705909999999999854e+03 6.246053314836503834e-01
3.706360000000000127e+03 6.264701757577825214e-01
3.706690000000000055e+03 6.283805040386007956e-01
3.707019999999999982e+03 6.301505899654700205e-01
3.707460000000000036e+03 6.317425301994852305e-01
3.707800000000000182e+03 6.333799544401866877e-01
3.708130000000000109e+03 6.350173786808880338e-01
3.708570000000000164e+03 6.363288342070052561e-01
3.708909999999999854e+03 6.375341603841881977e-01
3.709239999999999782e+03 6.385954538735316710e-01
3.709679999999999836e+03 6.390275519370501867e-01
3.710019999999999982e+03 6.392094879637947313e-01
3.710349999999999909e+03 6.388001319036193948e-01
3.710789999999999964e+03 6.376175477297795213e-01
3.711130000000000109e+03 6.358929458095963216e-01
3.711460000000000036e+03 6.332927767607048342e-01
3.711900000000000091e+03 6.299421216014918778e-01
3.712239999999999782e+03 6.259243676775486653e-01
3.712570000000000164e+03 6.212205633194227694e-01
3.713019999999999982e+03 6.159444185438295305e-01
3.713349999999999909e+03 6.103271437180901593e-01
3.713679999999999836e+03 6.043459968388615877e-01
3.714130000000000109e+03 5.983875919629759732e-01
3.714460000000000036e+03 5.925201551004628531e-01
3.714800000000000182e+03 5.871151389725920433e-01
3.715239999999999782e+03 5.823999636127946689e-01
3.715570000000000164e+03 5.785527747139245225e-01
3.715909999999999854e+03 5.757896213077410286e-01
3.716349999999999909e+03 5.740650193875578289e-01
3.716690000000000055e+03 5.738300186863460883e-01
3.717019999999999982e+03 5.749140541790326298e-01
3.717469999999999800e+03 5.772981741961649149e-01
3.717800000000000182e+03 5.809293140632758590e-01
3.718139999999999873e+03 5.856596507586353528e-01
3.718579999999999927e+03 5.913413612605133984e-01
3.718920000000000073e+03 5.976712188576691620e-01
3.719250000000000000e+03 6.042019641510220085e-01
3.719699999999999818e+03 6.109108551372290918e-01
3.720030000000000200e+03 6.171649060565744804e-01
3.720369999999999891e+03 6.227632292128613134e-01
3.720820000000000164e+03 6.273609042220529286e-01
3.721150000000000091e+03 6.305788976950980063e-01
3.721489999999999782e+03 6.323565642897482908e-01
3.721929999999999836e+03 6.322049509341277629e-01
3.722269999999999982e+03 6.303476873277766845e-01
3.722599999999999909e+03 6.264701757577825214e-01
3.723050000000000182e+03 6.205799968919262222e-01
3.723389999999999873e+03 6.130827164564927045e-01
3.723719999999999800e+03 6.040048667887154554e-01
3.724170000000000073e+03 5.935208032475580708e-01
3.724500000000000000e+03 5.820474625609769470e-01
3.724840000000000146e+03 5.700055717908190100e-01
3.725289999999999964e+03 5.577969063294785368e-01
3.725619999999999891e+03 5.458800965777075298e-01
3.725960000000000036e+03 5.345849015839805318e-01
3.726409999999999854e+03 5.244609197624218178e-01
3.726739999999999782e+03 5.159819428493456206e-01
3.727079999999999927e+03 5.093981328815255782e-01
3.727530000000000200e+03 5.048383612112391505e-01
3.727860000000000127e+03 5.028939199254062187e-01
3.728199999999999818e+03 5.034965830139976894e-01
3.728650000000000091e+03 5.067486894920573137e-01
3.728980000000000018e+03 5.126388683579136130e-01
3.729320000000000164e+03 5.209965545864935210e-01
3.729769999999999982e+03 5.315336828021179905e-01
3.730110000000000127e+03 5.440683169780425876e-01
3.730440000000000055e+03 5.581797300524202754e-01
3.730889999999999873e+03 5.734130819583896921e-01
3.731230000000000018e+03 5.892377259512791010e-01
3.731570000000000164e+03 6.053580159876283950e-01
3.732019999999999982e+03 6.208794332692766371e-01
3.732349999999999909e+03 6.353736700665961745e-01
3.732690000000000055e+03 6.484124186499589104e-01
3.733139999999999873e+03 6.595484196202843208e-01
3.733480000000000018e+03 6.682927199056964973e-01
3.733809999999999945e+03 6.742018504410053348e-01
3.734260000000000218e+03 6.769953265183129565e-01
3.734599999999999909e+03 6.765594381209040220e-01
3.734940000000000055e+03 6.728638625776545146e-01
3.735389999999999873e+03 6.656167441789947459e-01
3.735730000000000018e+03 6.553070359968009573e-01
3.736059999999999945e+03 6.418968346921680723e-01
3.736400000000000091e+03 6.257310606491325311e-01
3.736849999999999909e+03 6.069916498944392114e-01
3.737190000000000055e+03 5.862812655166793618e-01
3.737530000000000200e+03 5.640585379166050961e-01
3.737980000000000018e+03 5.406570164765813757e-01
3.738320000000000164e+03 5.169408973236452320e-01
3.738650000000000091e+03 4.932475201740521564e-01
3.739110000000000127e+03 4.700658380996782237e-01
3.739440000000000055e+03 4.480023045230054346e-01
3.739780000000000200e+03 4.276633728665157896e-01
3.740230000000000018e+03 4.093522698414503447e-01
3.740570000000000164e+03 3.936564972008383956e-01
3.740909999999999854e+03 3.808375879831254474e-01
3.741360000000000127e+03 3.712234060698406668e-01
3.741699999999999818e+03 3.650535005628645635e-01
3.742039999999999964e+03 3.626417111083315437e-01
3.742489999999999782e+03 3.638925212922006214e-01
3.742829999999999927e+03 3.689727058056544440e-01
3.743170000000000073e+03 3.779334341562148314e-01
3.743510000000000218e+03 3.904233423922313095e-01
3.743960000000000036e+03 4.063806480712885971e-01
3.744300000000000182e+03 4.256507055706537090e-01
3.744639999999999873e+03 4.477900458251367621e-01
3.745090000000000146e+03 4.722490704206133705e-01
3.745429999999999836e+03 4.988761660014630617e-01
3.745769999999999982e+03 5.268791527845687606e-01
3.746219999999999800e+03 5.559131103858938605e-01
3.746559999999999945e+03 5.852313430290074781e-01
3.746900000000000091e+03 6.142577199625515183e-01
3.747360000000000127e+03 6.423099810862339387e-01
3.747699999999999818e+03 6.687551406403390297e-01
3.748039999999999964e+03 6.930852938835382338e-01
3.748489999999999782e+03 7.147963264083933010e-01
3.748829999999999927e+03 7.331680747757070016e-01
3.749170000000000073e+03 7.478669896031141517e-01
3.749510000000000218e+03 7.584837148304394150e-01
3.749960000000000036e+03 7.647870400903615806e-01
3.750300000000000182e+03 7.667655943812090591e-01
3.750639999999999873e+03 7.641578446645365119e-01
3.751099999999999909e+03 7.567932259152708729e-01
3.751440000000000055e+03 7.452478688847700150e-01
3.751780000000000200e+03 7.294914509019099214e-01
3.752230000000000018e+03 7.099295376929753987e-01
3.752570000000000164e+03 6.869676949842511426e-01
3.752909999999999854e+03 6.609318914903213882e-01
3.753250000000000000e+03 6.325271293148213569e-01
3.753710000000000036e+03 6.021059095095686597e-01
3.754050000000000182e+03 5.704187181848848764e-01
3.754389999999999873e+03 5.377915240553540199e-01
3.754849999999999909e+03 5.047890868706624845e-01
3.755190000000000055e+03 4.720974570649928426e-01
3.755530000000000200e+03 4.400994583612870548e-01
3.755980000000000018e+03 4.090225107929757464e-01
3.756320000000000164e+03 3.795488744603512377e-01
3.756670000000000073e+03 3.518760257591091456e-01
3.757119999999999891e+03 3.262003039847780061e-01
3.757460000000000036e+03 3.029037747935215408e-01
3.757800000000000182e+03 2.819849220517835486e-01
3.758150000000000091e+03 2.637227143339056501e-01
3.758599999999999909e+03 2.481084338719397875e-01
3.758940000000000055e+03 2.352679197510508802e-01
3.759289999999999964e+03 2.252599221465418911e-01
3.759739999999999782e+03 2.181621429031683490e-01
3.760079999999999927e+03 2.139438803164170622e-01
3.760429999999999836e+03 2.126278763896311541e-01
3.760769999999999982e+03 2.143092685034624634e-01
3.761219999999999800e+03 2.189960163590810582e-01
3.761570000000000164e+03 2.267029022586599663e-01
3.761909999999999854e+03 2.373988454642969592e-01
3.762369999999999891e+03 2.511729188224190445e-01
3.762710000000000036e+03 2.680361143013088032e-01
3.763050000000000182e+03 2.879482543617267187e-01
3.763510000000000218e+03 3.107486288467151136e-01
3.763849999999999909e+03 3.365346493372601278e-01
3.764190000000000055e+03 3.650489521621959610e-01
3.764539999999999964e+03 3.961619079024671364e-01
3.764989999999999782e+03 4.296002334845676618e-01
3.765340000000000146e+03 4.650360650269682039e-01
3.765679999999999836e+03 5.021206918117416818e-01
3.766139999999999873e+03 5.405091934548514887e-01
3.766480000000000018e+03 5.795913261999249277e-01
3.766820000000000164e+03 6.187909592956043481e-01
3.767280000000000200e+03 6.575660749955463125e-01
3.767630000000000109e+03 6.954390912295463911e-01
3.767969999999999800e+03 7.314434728555238019e-01
3.768309999999999945e+03 7.650713151321499872e-01
3.768769999999999982e+03 7.957843906469720396e-01
3.769110000000000127e+03 8.228397939574496611e-01
3.769460000000000036e+03 8.459342983523419068e-01
3.769920000000000073e+03 8.642340303757357622e-01
3.770260000000000218e+03 8.775115699942007685e-01
3.770599999999999909e+03 8.856721588604740125e-01
3.770949999999999818e+03 8.881661985604312193e-01
3.771409999999999854e+03 8.852931254714228038e-01
3.771750000000000000e+03 8.768179388922370254e-01
3.772099999999999909e+03 8.632371725625310743e-01
3.772550000000000182e+03 8.445470361484143096e-01
3.772900000000000091e+03 8.213805154096024408e-01
3.773239999999999782e+03 7.940825307301320191e-01
3.773590000000000146e+03 7.632822775358281131e-01
3.774050000000000182e+03 7.292564502006981808e-01
3.774389999999999873e+03 6.931080358868813018e-01
3.774739999999999782e+03 6.551213096361658828e-01
3.775199999999999818e+03 6.160467575588733924e-01
3.775539999999999964e+03 5.766803497720114358e-01
3.775889999999999873e+03 5.373480549901641368e-01
3.776230000000000018e+03 4.986297942985797871e-01
3.776690000000000055e+03 4.610751661113827726e-01
3.777039999999999964e+03 4.250025584753761021e-01
3.777380000000000109e+03 3.908516501218592398e-01
3.777840000000000146e+03 3.587623043713920601e-01
3.778190000000000055e+03 3.290237236998206916e-01
3.778530000000000200e+03 3.016810130804422618e-01
3.778880000000000109e+03 2.768016404565077915e-01
3.779340000000000146e+03 2.544269204674239893e-01
3.779690000000000055e+03 2.344677802667637090e-01
3.780030000000000200e+03 2.168226389062612447e-01
3.780489999999999782e+03 2.014179639084406892e-01
3.780840000000000146e+03 1.881127548525749760e-01
3.781179999999999836e+03 1.767417531810377140e-01
3.781530000000000200e+03 1.672090634463989922e-01
3.781989999999999782e+03 1.593141769858506807e-01
3.782340000000000146e+03 1.529236740464467448e-01
3.782679999999999836e+03 1.479772883193280486e-01
3.783030000000000200e+03 1.443491807193295617e-01
3.783489999999999782e+03 1.419415606320760803e-01
3.783840000000000146e+03 1.406790004131464045e-01
3.784179999999999836e+03 1.406210083046215420e-01
3.784650000000000091e+03 1.416913985953022481e-01
3.784989999999999782e+03 1.439674940965549599e-01
3.785340000000000146e+03 1.474974320487891788e-01
3.785690000000000055e+03 1.524070515371699075e-01
3.786150000000000091e+03 1.587448688354957116e-01
3.786500000000000000e+03 1.667322394429725241e-01
3.786840000000000146e+03 1.764574781392492797e-01
3.787190000000000055e+03 1.881309484552494138e-01
3.787650000000000091e+03 2.019550542207262933e-01
3.788000000000000000e+03 2.181094572620902172e-01
3.788349999999999909e+03 2.366983917613302568e-01
3.788809999999999945e+03 2.579814955899465412e-01
3.789159999999999854e+03 2.820391238264178813e-01
3.789500000000000000e+03 3.090505592637655674e-01
3.789849999999999909e+03 3.389612210939661474e-01
3.790320000000000164e+03 3.718298594923226674e-01
3.790659999999999854e+03 4.075329095740043983e-01
3.791010000000000218e+03 4.460502825693915541e-01
3.791360000000000127e+03 4.870844372680789292e-01
3.791820000000000164e+03 5.301502109320810341e-01
3.792170000000000073e+03 5.751983292208210363e-01
3.792519999999999982e+03 6.214972576934302273e-01
3.792980000000000018e+03 6.685466722763607761e-01
3.793329999999999927e+03 7.157363292132403743e-01
3.793679999999999836e+03 7.622096130448131612e-01
3.794030000000000200e+03 8.075950710498087659e-01
3.794489999999999782e+03 8.507214900560590154e-01
3.794840000000000146e+03 8.910620136527827029e-01
3.795190000000000055e+03 9.277448650451618484e-01
3.795539999999999964e+03 9.601711714784955110e-01
3.796000000000000000e+03 9.877382698641923309e-01
3.796349999999999909e+03 1.009631238415791943e+00
3.796699999999999818e+03 1.025607495764301769e+00
3.797159999999999854e+03 1.035083330490582876e+00
3.797510000000000218e+03 1.038236888287489279e+00
3.797860000000000127e+03 1.034943088136633937e+00
3.798210000000000036e+03 1.024792573977841625e+00
3.798679999999999836e+03 1.008626799934806195e+00
3.799030000000000200e+03 9.863927013330604510e-01
3.799380000000000109e+03 9.584503598922029521e-01
3.799719999999999800e+03 9.259558274488399743e-01
3.800190000000000055e+03 8.889621686774388243e-01
3.800539999999999964e+03 8.484055960489559345e-01
3.800889999999999873e+03 8.050517570092748931e-01
3.801239999999999782e+03 7.597042023431843649e-01
3.801699999999999818e+03 7.130793051559911611e-01
3.802050000000000182e+03 6.659768258985934164e-01
3.802400000000000091e+03 6.189804759901299525e-01
3.802750000000000000e+03 5.726625958480682232e-01
3.803219999999999800e+03 5.278267362571968935e-01
3.803570000000000164e+03 4.847420109237422503e-01
3.803920000000000073e+03 4.439466472601571456e-01
3.804269999999999982e+03 4.055581456170473942e-01
3.804739999999999782e+03 3.699513700161847218e-01
3.805090000000000146e+03 3.372597402105151354e-01
3.805440000000000055e+03 3.074571028961941010e-01
3.805909999999999854e+03 2.805942485473545411e-01
3.806260000000000218e+03 2.565654268484510725e-01
3.806610000000000127e+03 2.353520651634202487e-01
3.806960000000000036e+03 2.167396305940590406e-01
3.807429999999999836e+03 2.005541468147929163e-01
3.807780000000000200e+03 1.865742583264159704e-01
3.808130000000000109e+03 1.746510050070310682e-01
3.808480000000000018e+03 1.645474909884811765e-01
3.808949999999999818e+03 1.560579011405114624e-01
3.809300000000000182e+03 1.489718719321985185e-01
3.809650000000000091e+03 1.431609110446539213e-01
3.810000000000000000e+03 1.383710661072133918e-01
3.810469999999999800e+03 1.344738448009885068e-01
3.810820000000000164e+03 1.313282467052522551e-01
3.811170000000000073e+03 1.288186666363440036e-01
3.811519999999999982e+03 1.268230558429891963e-01
3.811989999999999782e+03 1.252538576123170821e-01
3.812340000000000146e+03 1.240254103984019945e-01
3.812690000000000055e+03 1.230922301945578390e-01
3.813050000000000182e+03 1.223633489874123015e-01
3.813519999999999982e+03 1.217989682711149990e-01
3.813869999999999891e+03 1.213843057434929457e-01
3.814219999999999800e+03 1.210829741991972103e-01
3.814570000000000164e+03 1.208657880672708435e-01
3.815039999999999964e+03 1.207247876465437908e-01
3.815389999999999873e+03 1.206190373309984909e-01
3.815750000000000000e+03 1.205690049236437245e-01
3.816099999999999909e+03 1.205746904244794915e-01
3.816570000000000164e+03 1.206004646949349751e-01
3.816920000000000073e+03 1.206891585079729740e-01
3.817269999999999982e+03 1.208335702292014924e-01
3.817619999999999891e+03 1.210340788920095945e-01
3.818099999999999909e+03 1.213111522994060609e-01
3.818449999999999818e+03 1.217083792911317491e-01
3.818800000000000182e+03 1.222196953329618835e-01
3.819150000000000091e+03 1.229023344666431705e-01
3.819619999999999891e+03 1.237805548290748930e-01
3.819980000000000018e+03 1.249608648025804652e-01
3.820329999999999927e+03 1.264716918913386945e-01
3.820679999999999836e+03 1.283846734058803341e-01
3.821150000000000091e+03 1.308294387652608193e-01
3.821510000000000218e+03 1.339136334519707705e-01
3.821860000000000127e+03 1.377668868850656925e-01
3.822210000000000036e+03 1.425161752498777523e-01
3.822690000000000055e+03 1.483737572442756503e-01
3.823039999999999964e+03 1.555522705995171229e-01
3.823389999999999873e+03 1.641711108331533053e-01
3.823750000000000000e+03 1.745486659919872341e-01
3.824219999999999800e+03 1.868998480076110025e-01
3.824570000000000164e+03 2.014323671772246527e-01
3.824929999999999836e+03 2.184479340785129842e-01
3.825280000000000200e+03 2.382145253175352306e-01
3.825750000000000000e+03 2.608917139510819605e-01
3.826110000000000127e+03 2.867349684833737089e-01
3.826460000000000036e+03 3.159368378760484819e-01
3.826820000000000164e+03 3.485939756433144021e-01
3.827170000000000073e+03 3.848022772326014085e-01
3.827639999999999873e+03 4.245515087424051037e-01
3.828000000000000000e+03 4.677916377653707491e-01
3.828349999999999909e+03 5.143634702780968126e-01
3.828710000000000036e+03 5.638841825576415001e-01
3.829179999999999836e+03 6.160050638860776751e-01
3.829530000000000200e+03 6.705062748977557163e-01
3.829889999999999873e+03 7.264781354589525675e-01
3.830239999999999782e+03 7.833255631488578175e-01
3.830719999999999800e+03 8.403018621910404162e-01
3.831070000000000164e+03 8.965087234534490079e-01
3.831429999999999836e+03 9.512032414935431834e-01
3.831780000000000200e+03 1.003441623172585340e+00
3.832260000000000218e+03 1.052170155669012841e+00
3.832610000000000127e+03 1.096744482221438943e+00
3.832969999999999800e+03 1.135860727971526929e+00
3.833320000000000164e+03 1.169079214187977778e+00
3.833800000000000182e+03 1.195463728399834835e+00
3.834150000000000091e+03 1.214942254263178034e+00
3.834510000000000218e+03 1.226521724298693439e+00
3.834860000000000127e+03 1.230255203180848245e+00
3.835219999999999800e+03 1.226066884231832077e+00
3.835699999999999818e+03 1.213964348119425773e+00
3.836050000000000182e+03 1.194334208900462047e+00
3.836409999999999854e+03 1.167468322284510140e+00
3.836760000000000218e+03 1.133874593012898613e+00
3.837239999999999782e+03 1.094352781536525487e+00
3.837590000000000146e+03 1.049725390309632411e+00
3.837949999999999818e+03 1.000682260100292265e+00
3.838309999999999945e+03 9.484514590890311680e-01
3.838780000000000200e+03 8.935257306816157818e-01
3.839139999999999873e+03 8.371937884008202602e-01
3.839500000000000000e+03 7.800924083402507314e-01
3.839849999999999909e+03 7.233776423365134711e-01
3.840210000000000036e+03 6.673982011075355603e-01
3.840690000000000055e+03 6.131661038020839172e-01
3.841039999999999964e+03 5.611740938259250910e-01
3.841400000000000091e+03 5.116988655530665397e-01
3.841760000000000218e+03 4.654075177482384640e-01
3.842230000000000018e+03 4.224023894264845591e-01
3.842590000000000146e+03 3.827782389350677938e-01
3.842949999999999818e+03 3.467893976780414556e-01
3.843300000000000182e+03 3.143297363064712635e-01
3.843659999999999854e+03 2.853674160156768336e-01
3.844139999999999873e+03 2.596545489692186903e-01
3.844500000000000000e+03 2.371456511604107253e-01
3.844849999999999909e+03 2.175879073187557133e-01
3.845210000000000036e+03 2.007031069366900511e-01
3.845690000000000055e+03 1.862714106485640342e-01
3.846050000000000182e+03 1.740866242907337658e-01
3.846400000000000091e+03 1.638269485158947714e-01
3.846760000000000218e+03 1.552759552588987568e-01
3.847239999999999782e+03 1.481819663494157169e-01
3.847599999999999909e+03 1.424017071663842837e-01
3.847960000000000036e+03 1.376997979752036250e-01
3.848309999999999945e+03 1.338916495154058028e-01
3.848670000000000073e+03 1.308798502060046498e-01
3.849150000000000091e+03 1.284589639501343694e-01
3.849510000000000218e+03 1.265562163370971271e-01
3.849869999999999891e+03 1.250844296874111528e-01
3.850230000000000018e+03 1.239431601529778770e-01
3.850710000000000036e+03 1.230592542897103875e-01
3.851059999999999945e+03 1.223864700241444337e-01
3.851420000000000073e+03 1.218857669172077329e-01
3.851780000000000200e+03 1.214987738269864143e-01
3.852139999999999873e+03 1.212243536533133270e-01
3.852619999999999891e+03 1.209992078202168780e-01
3.852980000000000018e+03 1.208373605630920083e-01
3.853340000000000146e+03 1.207316102475467084e-01
3.853699999999999818e+03 1.206531503360130930e-01
3.854059999999999945e+03 1.206031179286583405e-01
3.854539999999999964e+03 1.205455048535225421e-01
3.854900000000000091e+03 1.205227628501794740e-01
3.855260000000000218e+03 1.205280693176261908e-01
3.855610000000000127e+03 1.205053273142831088e-01
3.856090000000000146e+03 1.205034321473378578e-01
3.856449999999999818e+03 1.204806901439947897e-01
3.856809999999999945e+03 1.204859966114415065e-01
3.857170000000000073e+03 1.204913030788882233e-01
3.857530000000000200e+03 1.204966095463349401e-01
3.858010000000000218e+03 1.204943353460006250e-01
3.858369999999999891e+03 1.204996418134473418e-01
3.858730000000000018e+03 1.205049482808940586e-01
3.859090000000000146e+03 1.204822062775509905e-01
3.859460000000000036e+03 1.204875127449977074e-01
3.859940000000000055e+03 1.204852385446634061e-01
3.860300000000000182e+03 1.204905450121101229e-01
3.860659999999999854e+03 1.204958514795568397e-01
3.861019999999999982e+03 1.205011579470035565e-01
3.861500000000000000e+03 1.204988837466692414e-01
3.861860000000000127e+03 1.205038111807269080e-01
3.862219999999999800e+03 1.205091176481736248e-01
3.862579999999999927e+03 1.205144241156203416e-01
3.862940000000000055e+03 1.205197305830670584e-01
3.863420000000000073e+03 1.205174563827327572e-01
3.863789999999999964e+03 1.205227628501794740e-01
3.864150000000000091e+03 1.205280693176261908e-01
3.864510000000000218e+03 1.205329967516838574e-01
3.864869999999999891e+03 1.205383032191305742e-01
3.865349999999999909e+03 1.205360290187962591e-01
3.865710000000000036e+03 1.205413354862429898e-01
3.866070000000000164e+03 1.205462629203006425e-01
3.866440000000000055e+03 1.205515693877473732e-01
3.866800000000000182e+03 1.205845452925948247e-01
3.867280000000000200e+03 1.206099405296612581e-01
3.867639999999999873e+03 1.206429164345087096e-01
3.868000000000000000e+03 1.207035617767569097e-01
3.868369999999999891e+03 1.207645861523941599e-01
3.868849999999999909e+03 1.208456992976511268e-01
3.869210000000000036e+03 1.209901110188796591e-01
3.869570000000000164e+03 1.211625712108979624e-01
3.869940000000000055e+03 1.214191768152856621e-01
3.870300000000000182e+03 1.217603068654317805e-01
3.870780000000000200e+03 1.222356147353020339e-01
3.871139999999999873e+03 1.228617778940146871e-01
3.871510000000000218e+03 1.237183933532704921e-01
3.871869999999999891e+03 1.248395741180840651e-01
3.872230000000000018e+03 1.263200785357182221e-01
3.872719999999999800e+03 1.282516326863233358e-01
3.873079999999999927e+03 1.307922934931338155e-01
3.873440000000000055e+03 1.340296176690204677e-01
3.873809999999999945e+03 1.382035333492527274e-01
3.874170000000000073e+03 1.434955975271861583e-01
3.874650000000000091e+03 1.501169318005222963e-01
3.875019999999999982e+03 1.584700696284335741e-01
3.875380000000000109e+03 1.687975923799127365e-01
3.875739999999999782e+03 1.815035496476884724e-01
3.876110000000000127e+03 1.969715232214805933e-01
3.876590000000000146e+03 2.157719583518112050e-01
3.876949999999999818e+03 2.382941223292359689e-01
3.877320000000000164e+03 2.651747912473609858e-01
3.877679999999999836e+03 2.969275553483506358e-01
3.878050000000000182e+03 3.340944323785482450e-01
3.878530000000000200e+03 3.772765692929890280e-01
3.878900000000000091e+03 4.270493387762527848e-01
3.879260000000000218e+03 4.839460408067346453e-01
3.879619999999999891e+03 5.482983295998544726e-01
3.879989999999999782e+03 6.204890288785539498e-01
3.880469999999999800e+03 7.008516880251981496e-01
3.880840000000000146e+03 7.893029196941958592e-01
3.881199999999999818e+03 8.856494168571309444e-01
3.881570000000000164e+03 9.898760181784412859e-01
3.881929999999999836e+03 1.101285302222272833e+00
3.882300000000000182e+03 1.219320089906719806e+00
3.882780000000000200e+03 1.342790216390161717e+00
3.883150000000000091e+03 1.470369064810919113e+00
3.883510000000000218e+03 1.600832357322356625e+00
3.883880000000000109e+03 1.732463072672071780e+00
3.884239999999999782e+03 1.863726125634407094e+00
3.884730000000000018e+03 1.991926588813208499e+00
3.885090000000000146e+03 2.115881878034636010e+00
3.885460000000000036e+03 2.232593839191294283e+00
3.885820000000000164e+03 2.340606984069226737e+00
3.886190000000000055e+03 2.438071629729862799e+00
3.886679999999999836e+03 2.521959299394683551e+00
3.887039999999999964e+03 2.591527087621148695e+00
3.887409999999999854e+03 2.645907007948330225e+00
3.887769999999999982e+03 2.682824860041920889e+00
3.888139999999999873e+03 2.701537738459380833e+00
3.888630000000000109e+03 2.702724112967111125e+00
3.888989999999999782e+03 2.685466722763608427e+00
3.889360000000000127e+03 2.649955084543397454e+00
3.889730000000000018e+03 2.598103316921187567e+00
3.890090000000000146e+03 2.529737064538015279e+00
3.890460000000000036e+03 2.446770446008589062e+00
3.890949999999999818e+03 2.350628626875741478e+00
3.891309999999999945e+03 2.243892824518912033e+00
3.891679999999999836e+03 2.127749413445830573e+00
3.892050000000000182e+03 2.004650739683658589e+00
3.892409999999999854e+03 1.876537454184339149e+00
3.892900000000000091e+03 1.745611740938259215e+00
3.893269999999999982e+03 1.613859734904047771e+00
3.893630000000000109e+03 1.483146280355836621e+00
3.894000000000000000e+03 1.354885171834786961e+00
3.894369999999999891e+03 1.231176254316242780e+00
3.894860000000000127e+03 1.112531222875423165e+00
3.895219999999999800e+03 1.000299436377350526e+00
3.895590000000000146e+03 8.954625912996675430e-01
3.895960000000000036e+03 7.983011723502723145e-01
3.896329999999999927e+03 7.090615512320480596e-01
3.896690000000000055e+03 6.279180833039582632e-01
3.897179999999999836e+03 5.549996399182803852e-01
3.897550000000000182e+03 4.897907356659048084e-01
3.897920000000000073e+03 4.322420962062548111e-01
3.898289999999999964e+03 3.818117037929871227e-01
3.898650000000000091e+03 3.380378957582373389e-01
3.899139999999999873e+03 3.003005734775176516e-01
3.899510000000000218e+03 2.680239852328591410e-01
3.899880000000000109e+03 2.407639038922938790e-01
3.900250000000000000e+03 2.178259402870798833e-01
3.900619999999999891e+03 1.987139397109491390e-01
3.900980000000000018e+03 1.829135538549590823e-01
3.901480000000000018e+03 1.699953378893146738e-01
3.901840000000000146e+03 1.594612419408025783e-01
3.902210000000000036e+03 1.509636923916627682e-01
3.902579999999999927e+03 1.441752043937550576e-01
3.902949999999999818e+03 1.388061964378441981e-01
3.903320000000000164e+03 1.345322159429024056e-01
3.903809999999999945e+03 1.312251496234303205e-01
3.904179999999999836e+03 1.286280128416512347e-01
3.904550000000000182e+03 1.266638618195876920e-01
3.904920000000000073e+03 1.251325669278206820e-01
3.905289999999999964e+03 1.239905393266092781e-01
3.905780000000000200e+03 1.231343029007425233e-01
3.906150000000000091e+03 1.224891880725773180e-01
3.906519999999999982e+03 1.220157753696523156e-01
3.906889999999999873e+03 1.216556936500536312e-01
3.907250000000000000e+03 1.214089429137812787e-01
3.907619999999999891e+03 1.212182891190884959e-01
3.908119999999999891e+03 1.210765306315833428e-01
3.908489999999999782e+03 1.209976916866606772e-01
3.908860000000000127e+03 1.209192317751270757e-01
3.909230000000000018e+03 1.208961107383949435e-01
3.909599999999999909e+03 1.208456992976511268e-01
3.909969999999999800e+03 1.208229572943080588e-01
3.910460000000000036e+03 1.208199250271956432e-01
3.910829999999999927e+03 1.207971830238525751e-01
3.911199999999999818e+03 1.208021104579102417e-01
3.911570000000000164e+03 1.207793684545671598e-01
3.911940000000000055e+03 1.207842958886248264e-01
3.912309999999999945e+03 1.207892233226824930e-01
3.912800000000000182e+03 1.207865700889591415e-01
3.913170000000000073e+03 1.207914975230168081e-01
3.913539999999999964e+03 1.207964249570744747e-01
3.913920000000000073e+03 1.208013523911321413e-01
3.914289999999999964e+03 1.208062798251898079e-01
3.914659999999999854e+03 1.208112072592474606e-01
3.915150000000000091e+03 1.208085540255241092e-01
3.915519999999999982e+03 1.208134814595817758e-01
3.915889999999999873e+03 1.208184088936394424e-01
3.916260000000000218e+03 1.208233363276971090e-01
3.916639999999999873e+03 1.208282637617547756e-01
3.917010000000000218e+03 1.208331911958124422e-01
3.917500000000000000e+03 1.208305379620890768e-01
3.917869999999999891e+03 1.208354653961467434e-01
3.918239999999999782e+03 1.208123443594146251e-01
3.918619999999999891e+03 1.208172717934722917e-01
3.918989999999999782e+03 1.208221992275299583e-01
3.919360000000000127e+03 1.208271266615876249e-01
3.919849999999999909e+03 1.208244734278642596e-01
3.920230000000000018e+03 1.208294008619219262e-01
3.920599999999999909e+03 1.208343282959795928e-01
3.920969999999999800e+03 1.208392557300372594e-01
3.921340000000000146e+03 1.208441831640949260e-01
3.921710000000000036e+03 1.208491105981525926e-01
3.922210000000000036e+03 1.208460783310401770e-01
3.922579999999999927e+03 1.208510057650978436e-01
3.922960000000000036e+03 1.208559331991555102e-01
3.923329999999999927e+03 1.208608606332131769e-01
3.923699999999999818e+03 1.208657880672708435e-01
3.924070000000000164e+03 1.208707155013285101e-01
3.924570000000000164e+03 1.208400137968153598e-01
3.924940000000000055e+03 1.208449412308730264e-01
3.925320000000000164e+03 1.208498686649306930e-01
3.925690000000000055e+03 1.208544170655993094e-01
3.926059999999999945e+03 1.208593444996569760e-01
3.926429999999999836e+03 1.208642719337146426e-01
3.926929999999999836e+03 1.208616186999912773e-01
3.927300000000000182e+03 1.208665461340489439e-01
3.927679999999999836e+03 1.208714735681066105e-01
3.928050000000000182e+03 1.208760219687752269e-01
3.928420000000000073e+03 1.208809494028328935e-01
3.928800000000000182e+03 1.208858768368905601e-01
3.929170000000000073e+03 1.208904252375591765e-01
3.929670000000000073e+03 1.208877720038358111e-01
3.930039999999999964e+03 1.208926994378934777e-01
3.930420000000000073e+03 1.208976268719511443e-01
3.930789999999999964e+03 1.208745058352190260e-01
3.931159999999999854e+03 1.208794332692766926e-01
3.931539999999999964e+03 1.208839816699453090e-01
3.932039999999999964e+03 1.208813284362219437e-01
3.932409999999999854e+03 1.208862558702796103e-01
3.932789999999999964e+03 1.208911833043372769e-01
3.933159999999999854e+03 1.208957317050058933e-01
3.933530000000000200e+03 1.209006591390635599e-01
3.933909999999999854e+03 1.209055865731212265e-01
3.934280000000000200e+03 1.209101349737898429e-01
3.934780000000000200e+03 1.209074817400664775e-01
3.935159999999999854e+03 1.209124091741241441e-01
3.935530000000000200e+03 1.209169575747927605e-01
3.935909999999999854e+03 1.209218850088504271e-01
3.936280000000000200e+03 1.209268124429080937e-01
3.936659999999999854e+03 1.209317398769657603e-01
3.937159999999999854e+03 1.209010381724526101e-01
3.937530000000000200e+03 1.209055865731212265e-01
3.937909999999999854e+03 1.209105140071788931e-01
3.938280000000000200e+03 1.209150624078475095e-01
3.938659999999999854e+03 1.209199898419051761e-01
3.939030000000000200e+03 1.209249172759628427e-01
3.939409999999999854e+03 1.209298447100205093e-01
3.939909999999999854e+03 1.209268124429080937e-01
3.940280000000000200e+03 1.209313608435767101e-01
3.940659999999999854e+03 1.209362882776343767e-01
3.941039999999999964e+03 1.209408366783029931e-01
3.941409999999999854e+03 1.209457641123606597e-01
3.941789999999999964e+03 1.209506915464183263e-01
3.942159999999999854e+03 1.209556189804759929e-01
3.942670000000000073e+03 1.209525867133635774e-01
3.943039999999999964e+03 1.209294656766314591e-01
3.943420000000000073e+03 1.209340140773000755e-01
3.943789999999999964e+03 1.209389415113577421e-01
3.944170000000000073e+03 1.209434899120263446e-01
3.944550000000000182e+03 1.209484173460840112e-01
3.944920000000000073e+03 1.209533447801416778e-01
3.945429999999999836e+03 1.209503125130292761e-01
3.945800000000000182e+03 1.209552399470869427e-01
3.946179999999999836e+03 1.209597883477555591e-01
3.946559999999999945e+03 1.209643367484241755e-01
3.946929999999999836e+03 1.209692641824818282e-01
3.947309999999999945e+03 1.209741916165394948e-01
3.947690000000000055e+03 1.209787400172081112e-01
3.948190000000000055e+03 1.210037562208854944e-01
3.948570000000000164e+03 1.210083046215541108e-01
3.948940000000000055e+03 1.210409014930125260e-01
3.949320000000000164e+03 1.210734983644709273e-01
3.949699999999999818e+03 1.211341437067191273e-01
3.950079999999999927e+03 1.211947890489673274e-01
3.950449999999999818e+03 1.213111522994060609e-01
3.950960000000000036e+03 1.214199348820637625e-01
3.951340000000000146e+03 1.216204435448718646e-01
3.951710000000000036e+03 1.218774281826486144e-01
3.952090000000000146e+03 1.222193162995728333e-01
3.952469999999999800e+03 1.227037209707803195e-01
3.952849999999999909e+03 1.233314002630491735e-01
3.953230000000000018e+03 1.241626204852385451e-01
3.953730000000000018e+03 1.252508253452046527e-01
3.954110000000000127e+03 1.266767489548154269e-01
3.954489999999999782e+03 1.285624400653453681e-01
3.954860000000000127e+03 1.309878747218842510e-01
3.955239999999999782e+03 1.340751016757066039e-01
3.955619999999999891e+03 1.379954440186635933e-01
3.956000000000000000e+03 1.429164345087158838e-01
3.956380000000000109e+03 1.490730738470751882e-01
3.956880000000000109e+03 1.567068063025671976e-01
3.957260000000000218e+03 1.661136569520409167e-01
3.957639999999999873e+03 1.775502313998840176e-01
3.958019999999999982e+03 1.914425631753901291e-01
3.958400000000000091e+03 2.080438465824454575e-01
3.958780000000000200e+03 2.278096797546896035e-01
3.959159999999999854e+03 2.511247815820095708e-01
3.959659999999999854e+03 2.784057097589726637e-01
3.960039999999999964e+03 3.100951752839907760e-01
3.960420000000000073e+03 3.464266627247194474e-01
3.960800000000000182e+03 3.879065606889310902e-01
3.961179999999999836e+03 4.346565388945112240e-01
3.961559999999999945e+03 4.870351629275022631e-01
3.961940000000000055e+03 5.451030781301524630e-01
3.962320000000000164e+03 6.088299618313377515e-01
3.962829999999999927e+03 6.780831523448900278e-01
3.963210000000000036e+03 7.526617619746123200e-01
3.963590000000000146e+03 8.321791766636722487e-01
3.963969999999999800e+03 9.158697489661864477e-01
3.964349999999999909e+03 1.003115654458001105e+00
3.964730000000000018e+03 1.092866970651444669e+00
3.965110000000000127e+03 1.183816032354290115e+00
3.965489999999999782e+03 1.275265418130683059e+00
3.966000000000000000e+03 1.365494316394331165e+00
3.966380000000000109e+03 1.453134416610759150e+00
3.966760000000000218e+03 1.536821198579382930e+00
3.967139999999999873e+03 1.615250787441865787e+00
3.967519999999999982e+03 1.686383983565112210e+00
3.967900000000000091e+03 1.749333848818742432e+00
3.968280000000000200e+03 1.802561507643208216e+00
3.968659999999999854e+03 1.845043569888071389e+00
3.969170000000000073e+03 1.875836242414594235e+00
3.969550000000000182e+03 1.894571862835397136e+00
3.969929999999999836e+03 1.900325589681195027e+00
3.970320000000000164e+03 1.893844118728418735e+00
3.970699999999999818e+03 1.874395915536199553e+00
3.971079999999999927e+03 1.842799692224888153e+00
3.971460000000000036e+03 1.799677063552528322e+00
3.971840000000000146e+03 1.745865693308923605e+00
3.972349999999999909e+03 1.682673246686300583e+00
3.972730000000000018e+03 1.611077629828411517e+00
3.973110000000000127e+03 1.532613927960914113e+00
3.973500000000000000e+03 1.448601177277706320e+00
3.973880000000000109e+03 1.360710915024504475e+00
3.974260000000000218e+03 1.270228064390192202e+00
3.974639999999999873e+03 1.178956824306653273e+00
3.975030000000000200e+03 1.087715906894238360e+00
3.975530000000000200e+03 9.981692687308825196e-01
3.975920000000000073e+03 9.112152189486372178e-01
3.976300000000000182e+03 8.276307759950574106e-01
3.976679999999999836e+03 7.484317493528004350e-01
3.977059999999999945e+03 6.741677374359907882e-01
3.977449999999999818e+03 6.051798702947742692e-01
3.977829999999999927e+03 5.418775039893264367e-01
3.978210000000000036e+03 4.840824928267931093e-01
3.978599999999999909e+03 4.320525795117292067e-01
3.979110000000000127e+03 3.854996986684556814e-01
3.979489999999999782e+03 3.443813985573989100e-01
3.979869999999999891e+03 3.082875650516053723e-01
3.980260000000000218e+03 2.768679712995917863e-01
3.980639999999999873e+03 2.498553987620769634e-01
3.981019999999999982e+03 2.267279184623373356e-01
3.981409999999999854e+03 2.071197631799385208e-01
3.981789999999999964e+03 1.906943512654029615e-01
3.982300000000000182e+03 1.769809232495290485e-01
3.982690000000000055e+03 1.656315264811677179e-01
3.983070000000000164e+03 1.563717407866458964e-01
3.983449999999999818e+03 1.488248069772466209e-01
3.983840000000000146e+03 1.427219903801325851e-01
3.984219999999999800e+03 1.378502742306569884e-01
3.984610000000000127e+03 1.340057385655102351e-01
3.984989999999999782e+03 1.309602052844835163e-01
3.985369999999999891e+03 1.285749481671840388e-01
3.985889999999999873e+03 1.267195797277782254e-01
3.986269999999999982e+03 1.253027529195046841e-01
3.986659999999999854e+03 1.242444916972736124e-01
3.987039999999999964e+03 1.234219892430324234e-01
3.987429999999999836e+03 1.228030277187117381e-01
3.987809999999999945e+03 1.223561473530203336e-01
3.988199999999999818e+03 1.220229770040442835e-01
3.988579999999999927e+03 1.217750891676047803e-01
3.988960000000000036e+03 1.215832982727448469e-01
3.989480000000000018e+03 1.214400236516834791e-01
3.989860000000000127e+03 1.213608056733717633e-01
3.990250000000000000e+03 1.212815876950600613e-01
3.990630000000000109e+03 1.212580876249388789e-01
3.991019999999999982e+03 1.212069181174169619e-01
3.991400000000000091e+03 1.212110874846965280e-01
3.991789999999999964e+03 1.211879664479643959e-01
3.992179999999999836e+03 1.211644663778432274e-01
3.992559999999999945e+03 1.211690147785118438e-01
3.992949999999999818e+03 1.211455147083906614e-01
3.993460000000000036e+03 1.211424824412782458e-01
3.993849999999999909e+03 1.211466518085578120e-01
3.994230000000000018e+03 1.211512002092264284e-01
3.994619999999999891e+03 1.211557486098950448e-01
3.995010000000000218e+03 1.211599179771746110e-01
3.995389999999999873e+03 1.211644663778432274e-01
3.995780000000000200e+03 1.211690147785118438e-01
3.996159999999999854e+03 1.211735631791804602e-01
3.996550000000000182e+03 1.211781115798490627e-01
3.997070000000000164e+03 1.211747002793476108e-01
3.997449999999999818e+03 1.211788696466271770e-01
3.997840000000000146e+03 1.211557486098950448e-01
3.998230000000000018e+03 1.211599179771746110e-01
3.998610000000000127e+03 1.211644663778432274e-01
3.999000000000000000e+03 1.211690147785118438e-01
3.999389999999999873e+03 1.211735631791804602e-01
3.999769999999999982e+03 1.211781115798490627e-01
