3.645010000000000218e+03 1.005594267521163543e+00
3.645440000000000055e+03 1.011863137890467446e+00
3.645760000000000218e+03 9.913905868222092632e-01
3.646079999999999927e+03 9.560232984788528121e-01
3.646510000000000218e+03 9.233503080960568932e-01
3.646829999999999927e+03 8.930795620017605296e-01
3.647260000000000218e+03 8.655401347560323089e-01
3.647579999999999927e+03 8.402548682467729790e-01
3.647909999999999854e+03 8.175857444900578308e-01
3.648329999999999927e+03 7.969527695737661510e-01
3.648659999999999854e+03 7.786726777619639162e-01
3.649090000000000146e+03 7.623464661505681139e-01
3.649409999999999854e+03 7.479576810115752261e-01
3.649730000000000018e+03 7.353582387929544772e-01
3.650159999999999854e+03 7.245975006787163109e-01
3.650480000000000018e+03 7.153546189727937321e-01
3.650909999999999854e+03 7.076501608351912775e-01
3.651239999999999782e+03 7.012002994578496740e-01
3.651559999999999945e+03 6.960914169127869755e-01
3.651989999999999782e+03 6.920890475759545746e-01
3.652309999999999945e+03 6.891068093753341950e-01
3.652739999999999782e+03 6.868855560948722294e-01
3.653059999999999945e+03 6.854993295105838991e-01
3.653389999999999873e+03 6.849028818704597787e-01
3.653820000000000164e+03 6.847424580224263924e-01
3.654139999999999873e+03 6.850962131744999795e-01
3.654570000000000164e+03 6.857214548386301178e-01
3.654900000000000091e+03 6.867086785188354359e-01
3.655219999999999800e+03 6.880085230311058231e-01
3.655650000000000091e+03 6.892754600873692850e-01
3.655969999999999800e+03 6.907398418796738548e-01
3.656400000000000091e+03 6.921713162159716104e-01
3.656730000000000018e+03 6.936439248722778839e-01
3.657050000000000182e+03 6.951206469605850646e-01
3.657480000000000018e+03 6.962353870328169547e-01
3.657809999999999945e+03 6.973953748570582700e-01
3.658239999999999782e+03 6.983579179452584773e-01
3.658559999999999945e+03 6.990366342253996335e-01
3.658889999999999873e+03 6.993945028094740168e-01
3.659320000000000164e+03 6.995549266575074032e-01
3.659639999999999873e+03 6.994315236974817385e-01
3.659969999999999800e+03 6.989831596093885047e-01
3.660400000000000091e+03 6.981769269372207765e-01
3.660719999999999800e+03 6.969264436089607218e-01
3.661150000000000091e+03 6.954826289766603553e-01
3.661480000000000018e+03 6.935986771202685697e-01
3.661800000000000182e+03 6.936356980082761803e-01
3.662239999999999782e+03 6.966714108249076887e-01
3.662559999999999945e+03 6.989584790173833939e-01
3.662989999999999782e+03 7.007272547777512184e-01
3.663320000000000164e+03 7.020558933140276237e-01
3.663639999999999873e+03 7.027428364581704834e-01
3.664079999999999927e+03 7.030595707222363488e-01
3.664400000000000091e+03 7.029361677622106841e-01
3.664730000000000018e+03 7.024878036741174503e-01
3.665159999999999854e+03 7.016733441379480185e-01
3.665480000000000018e+03 7.005832846577213502e-01
3.665920000000000073e+03 6.991271297294184839e-01
3.666239999999999782e+03 6.977162225531249318e-01
3.666570000000000164e+03 6.959885811127656252e-01
3.667000000000000000e+03 6.940634949363652106e-01
3.667329999999999927e+03 6.921836565119742213e-01
3.667760000000000218e+03 6.901104867835430312e-01
3.668090000000000146e+03 6.880866782391220626e-01
3.668409999999999854e+03 6.860628696947010940e-01
3.668849999999999909e+03 6.840102671262741074e-01
3.669170000000000073e+03 6.821592227258891361e-01
3.669500000000000000e+03 6.803122917575049611e-01
3.669929999999999836e+03 6.784283399011130644e-01
3.670260000000000218e+03 6.767500596447639793e-01
3.670690000000000055e+03 6.751869554844388555e-01
3.671019999999999982e+03 6.738254094921556359e-01
3.671349999999999909e+03 6.724679769318733236e-01
3.671780000000000200e+03 6.713779174516466552e-01
3.672110000000000127e+03 6.703331057234293011e-01
3.672429999999999836e+03 6.695968013952761089e-01
3.672869999999999891e+03 6.689756731631469888e-01
3.673190000000000055e+03 6.685478762350579585e-01
3.673630000000000109e+03 6.683915658190254794e-01
3.673960000000000036e+03 6.684244732750322937e-01
3.674280000000000200e+03 6.684614941630400153e-01
3.674719999999999800e+03 6.687658881311032699e-01
3.675050000000000182e+03 6.692636134032068362e-01
3.675369999999999891e+03 6.697613386753104026e-01
3.675809999999999945e+03 6.703742400434378190e-01
3.676139999999999873e+03 6.710241622995730681e-01
3.676570000000000164e+03 6.716370636677004846e-01
3.676900000000000091e+03 6.721389023718048472e-01
3.677230000000000018e+03 6.726366276439084135e-01
3.677659999999999854e+03 6.730973320280042582e-01
3.677989999999999782e+03 6.732865499000435516e-01
3.678320000000000164e+03 6.731672603720187942e-01
3.678750000000000000e+03 6.728546395399537250e-01
3.679079999999999927e+03 6.724227291798638984e-01
3.679519999999999982e+03 6.713367831316380263e-01
3.679840000000000146e+03 6.701356609873881931e-01
3.680170000000000073e+03 6.686301448750751053e-01
3.680610000000000127e+03 6.666269034906584512e-01
3.680940000000000055e+03 6.643604024581869494e-01
3.681260000000000218e+03 6.618018477536548039e-01
3.681699999999999818e+03 6.589059916250524784e-01
3.682030000000000200e+03 6.559155265604303953e-01
3.682469999999999800e+03 6.525959869357399468e-01
3.682800000000000182e+03 6.491818383750298516e-01
3.683119999999999891e+03 6.456360599902922770e-01
3.683559999999999945e+03 6.420738278775514063e-01
3.683889999999999873e+03 6.385691838128223496e-01
3.684219999999999800e+03 6.350809934760968112e-01
3.684659999999999854e+03 6.317244329633986410e-01
3.684980000000000018e+03 6.285653171867415789e-01
3.685309999999999945e+03 6.254226551380879240e-01
3.685750000000000000e+03 6.225432527374890057e-01
3.686079999999999927e+03 6.198571816409302881e-01
3.686519999999999982e+03 6.174302567604255110e-01
3.686849999999999909e+03 6.151925497519600272e-01
3.687179999999999836e+03 6.132427829835545019e-01
3.687619999999999891e+03 6.114081923111729377e-01
3.687940000000000055e+03 6.097504792148280561e-01
3.688269999999999982e+03 6.082408496705140610e-01
3.688710000000000036e+03 6.068381693582223235e-01
3.689039999999999964e+03 6.056123666219673796e-01
3.689369999999999891e+03 6.043906773177132319e-01
3.689809999999999945e+03 6.031319671254514736e-01
3.690139999999999873e+03 6.020542479412273051e-01
3.690579999999999927e+03 6.008037646129671394e-01
3.690909999999999854e+03 5.995903021727148063e-01
3.691239999999999782e+03 5.985166964204914342e-01
3.691679999999999836e+03 5.971386967002048074e-01
3.692010000000000218e+03 5.959293476919532706e-01
3.692340000000000146e+03 5.947282255477034374e-01
3.692780000000000200e+03 5.933543392594177179e-01
3.693110000000000127e+03 5.920215872911405164e-01
3.693440000000000055e+03 5.906888353228633148e-01
3.693880000000000109e+03 5.894630325866082599e-01
3.694210000000000036e+03 5.881385074823327619e-01
3.694539999999999964e+03 5.868139823780572639e-01
3.694980000000000018e+03 5.855964065058040235e-01
3.695309999999999945e+03 5.844117380895575975e-01
3.695750000000000000e+03 5.831982756493052644e-01
3.696079999999999927e+03 5.820218340970605420e-01
3.696409999999999854e+03 5.809811358008440951e-01
3.696849999999999909e+03 5.799034166166199267e-01
3.697179999999999836e+03 5.788668317524042761e-01
3.697510000000000218e+03 5.779659901442169012e-01
3.697949999999999818e+03 5.768964978239944363e-01
3.698280000000000200e+03 5.758640263917796931e-01
3.698619999999999891e+03 5.748356683915658571e-01
3.699059999999999945e+03 5.736386596793168202e-01
3.699389999999999873e+03 5.724827852870764122e-01
3.699719999999999800e+03 5.711952810708086359e-01
3.700159999999999854e+03 5.696116097504791975e-01
3.700489999999999782e+03 5.679415563581318160e-01
3.700820000000000164e+03 5.660123567497306052e-01
3.701269999999999982e+03 5.637952169012694359e-01
3.701599999999999909e+03 5.613641785887637514e-01
3.702039999999999964e+03 5.583901672521451864e-01
3.702369999999999891e+03 5.552145977474846061e-01
3.702699999999999818e+03 5.516770462267488462e-01
3.703150000000000091e+03 5.478721216259574422e-01
3.703480000000000018e+03 5.436270598010743971e-01
3.703809999999999945e+03 5.391680995121469477e-01
3.704250000000000000e+03 5.343430437751433004e-01
3.704579999999999927e+03 5.295920298141550964e-01
3.704920000000000073e+03 5.246435711171258953e-01
3.705360000000000127e+03 5.198308556761248589e-01
3.705690000000000055e+03 5.152073581071631159e-01
3.706019999999999982e+03 5.108635739142596277e-01
3.706469999999999800e+03 5.069928344014544841e-01
3.706800000000000182e+03 5.035293246567340564e-01
3.707130000000000109e+03 5.008926147441856713e-01
3.707570000000000164e+03 4.988194450157544257e-01
3.707909999999999854e+03 4.975813019834969264e-01
3.708239999999999782e+03 4.971493916234070998e-01
3.708679999999999836e+03 4.973715169514532630e-01
3.709019999999999982e+03 4.985438450716971337e-01
3.709349999999999909e+03 5.002961671040615510e-01
3.709789999999999964e+03 5.027148651205647356e-01
3.710130000000000109e+03 5.057588048011978366e-01
3.710460000000000036e+03 5.090577772658839706e-01
3.710900000000000091e+03 5.125788750586164344e-01
3.711239999999999782e+03 5.162768504273855807e-01
3.711570000000000164e+03 5.200036198201607451e-01
3.712010000000000218e+03 5.234835832928845800e-01
3.712349999999999909e+03 5.267743288935690105e-01
3.712789999999999964e+03 5.298100417102005188e-01
3.713130000000000109e+03 5.325290202627660507e-01
3.713460000000000036e+03 5.348901302312571993e-01
3.713909999999999854e+03 5.368563507276661317e-01
3.714239999999999782e+03 5.386168996240323636e-01
3.714570000000000164e+03 5.402622724243745234e-01
3.715019999999999982e+03 5.417513348086843150e-01
3.715349999999999909e+03 5.432774180810017173e-01
3.715690000000000055e+03 5.449351311773464879e-01
3.716130000000000109e+03 5.466874532097110162e-01
3.716469999999999800e+03 5.488593453061627603e-01
3.716800000000000182e+03 5.512944970506692410e-01
3.717250000000000000e+03 5.540875173792502162e-01
3.717579999999999927e+03 5.571849316758944459e-01
3.717909999999999854e+03 5.605620593485969305e-01
3.718360000000000127e+03 5.640502496853224690e-01
3.718699999999999818e+03 5.675960280700599325e-01
3.719030000000000200e+03 5.711664870468026178e-01
3.719480000000000018e+03 5.741939729994323116e-01
3.719809999999999945e+03 5.767401874079619573e-01
3.720150000000000091e+03 5.786323661283555575e-01
3.720590000000000146e+03 5.795578883285480432e-01
3.720929999999999836e+03 5.793193092724984172e-01
3.721260000000000218e+03 5.777520916801723860e-01
3.721710000000000036e+03 5.748274415275641536e-01
3.722039999999999964e+03 5.703725946706375005e-01
3.722380000000000109e+03 5.645232943654208135e-01
3.722829999999999927e+03 5.572836540439149999e-01
3.723159999999999854e+03 5.486536737061199487e-01
3.723500000000000000e+03 5.389130667280939146e-01
3.723940000000000055e+03 5.283415464858950417e-01
3.724280000000000200e+03 5.170542890755472909e-01
3.724619999999999891e+03 5.054256168091285639e-01
3.725059999999999945e+03 4.939162340707345944e-01
3.725400000000000091e+03 4.826989050044013796e-01
3.725730000000000018e+03 4.722795817462341339e-01
3.726179999999999836e+03 4.630120194483064999e-01
3.726519999999999982e+03 4.551060031426620300e-01
3.726849999999999909e+03 4.488864939573684043e-01
3.727300000000000182e+03 4.446619992924896736e-01
3.727639999999999873e+03 4.426423041800696123e-01
3.727980000000000018e+03 4.427657071400952771e-01
3.728309999999999945e+03 4.451391574045889254e-01
3.728760000000000218e+03 4.498778310695745741e-01
3.729099999999999909e+03 4.565786117989683590e-01
3.729429999999999836e+03 4.653032010727830570e-01
3.729880000000000109e+03 4.756978437389451364e-01
3.730219999999999800e+03 4.874745995573946944e-01
3.730559999999999945e+03 5.001192895280247575e-01
3.731000000000000000e+03 5.134180151867909769e-01
3.731340000000000146e+03 5.267331945735604926e-01
3.731679999999999836e+03 5.397768874482735679e-01
3.732130000000000109e+03 5.518333566427813253e-01
3.732460000000000036e+03 5.628984887250828573e-01
3.732800000000000182e+03 5.722071853430190647e-01
3.733250000000000000e+03 5.793563301605061389e-01
3.733590000000000146e+03 5.843418097455430615e-01
3.733929999999999836e+03 5.868016420820547641e-01
3.734380000000000109e+03 5.863902988819691409e-01
3.734710000000000036e+03 5.833216786093309292e-01
3.735050000000000182e+03 5.773366350480859666e-01
3.735500000000000000e+03 5.686243860702738795e-01
3.735840000000000146e+03 5.572425197239064820e-01
3.736179999999999836e+03 5.435818120490649719e-01
3.736630000000000109e+03 5.279137495578060113e-01
3.736960000000000036e+03 5.103699620741569687e-01
3.737300000000000182e+03 4.915921449902511675e-01
3.737750000000000000e+03 4.717366087221211979e-01
3.738090000000000146e+03 4.514615023899040125e-01
3.738429999999999836e+03 4.312645512657030111e-01
3.738769999999999982e+03 4.113057678543515783e-01
3.739219999999999800e+03 3.922470033647873500e-01
3.739559999999999945e+03 3.745255156187012879e-01
3.739900000000000091e+03 3.584288335129531822e-01
3.740349999999999909e+03 3.442687551932078760e-01
3.740690000000000055e+03 3.325212047419643935e-01
3.741019999999999982e+03 3.234004919664673072e-01
3.741480000000000018e+03 3.171287421947627805e-01
3.741809999999999945e+03 3.138026210788709691e-01
3.742150000000000091e+03 3.136738706572441693e-01
3.742599999999999909e+03 3.167186330242774961e-01
3.742940000000000055e+03 3.229200431087673739e-01
3.743280000000000200e+03 3.323657170123320848e-01
3.743730000000000018e+03 3.447553741989091147e-01
3.744070000000000164e+03 3.600252564724852333e-01
3.744409999999999854e+03 3.780540175890352295e-01
3.744750000000000000e+03 3.983599746612588866e-01
3.745199999999999818e+03 4.206025355194853432e-01
3.745539999999999964e+03 4.446249784044820075e-01
3.745880000000000109e+03 4.697991822497182279e-01
3.746340000000000146e+03 4.956891232631033262e-01
3.746679999999999836e+03 5.217106941005158482e-01
3.747019999999999982e+03 5.475841813858974838e-01
3.747469999999999800e+03 5.725897345190986698e-01
3.747809999999999945e+03 5.961638133160021003e-01
3.748150000000000091e+03 6.179979103765436133e-01
3.748599999999999909e+03 6.373557213725700166e-01
3.748940000000000055e+03 6.540398015680403132e-01
3.749280000000000200e+03 6.676141271708637692e-01
3.749739999999999782e+03 6.776714684129556687e-01
3.750079999999999927e+03 6.839773596702672931e-01
3.750420000000000073e+03 6.865359143747994386e-01
3.750760000000000218e+03 6.851455743585103120e-01
3.751210000000000036e+03 6.799544231734304667e-01
3.751550000000000182e+03 6.708102638355285530e-01
3.751889999999999873e+03 6.582972036889258582e-01
3.752349999999999909e+03 6.422671591815916070e-01
3.752690000000000055e+03 6.232137421536284583e-01
3.753030000000000200e+03 6.016675853331469037e-01
3.753480000000000018e+03 5.779001752322032726e-01
3.753820000000000164e+03 5.522981744588779662e-01
3.754159999999999854e+03 5.255279589973098631e-01
3.754500000000000000e+03 4.978692422235568293e-01
3.754960000000000036e+03 4.697991822497182279e-01
3.755300000000000182e+03 4.418072774838959216e-01
3.755639999999999873e+03 4.144323875182019390e-01
3.756099999999999909e+03 3.877469087558513827e-01
3.756440000000000055e+03 3.623834870385757578e-01
3.756780000000000200e+03 3.384466035391968664e-01
3.757239999999999782e+03 3.162891907233881250e-01
3.757579999999999927e+03 2.960778425871841701e-01
3.757920000000000073e+03 2.780527835594349684e-01
3.758260000000000218e+03 2.622695449721520466e-01
3.758719999999999800e+03 2.488527638149613808e-01
3.759059999999999945e+03 2.379928919895025197e-01
3.759400000000000091e+03 2.296590787557690749e-01
3.759860000000000127e+03 2.240162727369953977e-01
3.760199999999999818e+03 2.210550130395794455e-01
3.760539999999999964e+03 2.208110865219287122e-01
3.761000000000000000e+03 2.233651164512599485e-01
3.761340000000000146e+03 2.287368473011772707e-01
3.761679999999999836e+03 2.369501369772856192e-01
3.762019999999999982e+03 2.480152690595871789e-01
3.762480000000000018e+03 2.619223713112798779e-01
3.762820000000000164e+03 2.787368473011772596e-01
3.763170000000000073e+03 2.982740039324409675e-01
3.763619999999999891e+03 3.204861253938611210e-01
3.763969999999999800e+03 3.453271412470280688e-01
3.764309999999999945e+03 3.725214515478844635e-01
3.764760000000000218e+03 4.019259088628006071e-01
3.765110000000000127e+03 4.331772971461008703e-01
3.765449999999999818e+03 4.661094337449507852e-01
3.765789999999999964e+03 5.000452477520094252e-01
3.766250000000000000e+03 5.346926854952160912e-01
3.766590000000000146e+03 5.695375679744638653e-01
3.766940000000000055e+03 6.041479848296628097e-01
3.767400000000000091e+03 6.377341571166487144e-01
3.767739999999999782e+03 6.698230401553232349e-01
3.768079999999999927e+03 6.998099594415604363e-01
3.768429999999999836e+03 7.271108076312390311e-01
3.768880000000000109e+03 7.512689937722639710e-01
3.769230000000000018e+03 7.718197000485385040e-01
3.769570000000000164e+03 7.880225086999086415e-01
3.770030000000000200e+03 7.998938734543779017e-01
3.770380000000000109e+03 8.071458540718863262e-01
3.770719999999999800e+03 8.094205819683595315e-01
3.771059999999999945e+03 8.068538003998255714e-01
3.771519999999999982e+03 7.992604049262461707e-01
3.771869999999999891e+03 7.872450700517469313e-01
3.772210000000000036e+03 7.706021241762852636e-01
3.772670000000000073e+03 7.497634776599507722e-01
3.773010000000000218e+03 7.253461453028720030e-01
3.773360000000000127e+03 6.976956553931207283e-01
3.773699999999999818e+03 6.675524256908509368e-01
3.774159999999999854e+03 6.350110651320822752e-01
3.774510000000000218e+03 6.011739734930441337e-01
3.774849999999999909e+03 5.663990193578110066e-01
3.775309999999999945e+03 5.310276175824537592e-01
3.775659999999999854e+03 4.959482694791572666e-01
3.776000000000000000e+03 4.613789869439668401e-01
3.776349999999999909e+03 4.278380624089903050e-01
3.776809999999999945e+03 3.956138474574876773e-01
3.777150000000000091e+03 3.650839551471374844e-01
3.777500000000000000e+03 3.364441848411803826e-01
3.777960000000000036e+03 3.098899245596570817e-01
3.778300000000000182e+03 2.854487342969733166e-01
3.778650000000000091e+03 2.632382582083535594e-01
3.778989999999999782e+03 2.432033763049863129e-01
3.779449999999999818e+03 2.253531381372734510e-01
3.779800000000000182e+03 2.096447640124061151e-01
3.780150000000000091e+03 1.958865679991444175e-01
3.780610000000000127e+03 1.839917566822702744e-01
3.780949999999999818e+03 1.738677778417644926e-01
3.781300000000000182e+03 1.653632571799955597e-01
3.781639999999999873e+03 1.583288771153324170e-01
3.782110000000000127e+03 1.527049928837626303e-01
3.782449999999999818e+03 1.483455776492558775e-01
3.782800000000000182e+03 1.451428594933897032e-01
3.783260000000000218e+03 1.430832640905613240e-01
3.783610000000000127e+03 1.421050899607578522e-01
3.783949999999999818e+03 1.421770750207728418e-01
3.784300000000000182e+03 1.433345947858135905e-01
3.784760000000000218e+03 1.455941029838835610e-01
3.785110000000000127e+03 1.490271733317976577e-01
3.785460000000000036e+03 1.537748965471851803e-01
3.785800000000000182e+03 1.598841657548558948e-01
3.786260000000000218e+03 1.674940149564387581e-01
3.786610000000000127e+03 1.768154632135776061e-01
3.786960000000000036e+03 1.879924806463024456e-01
3.787420000000000073e+03 2.011566970786405895e-01
3.787769999999999982e+03 2.165483369394420599e-01
3.788110000000000127e+03 2.343014981119347084e-01
3.788460000000000036e+03 2.546218521961613468e-01
3.788929999999999836e+03 2.775809729089368516e-01
3.789269999999999982e+03 3.033261211158918558e-01
3.789619999999999891e+03 3.318408430890228966e-01
3.789969999999999800e+03 3.632037053795463821e-01
3.790429999999999836e+03 3.972316602634241578e-01
3.790780000000000200e+03 4.339753029542668394e-01
3.791130000000000109e+03 4.730241129383890297e-01
3.791590000000000146e+03 5.141378657869406510e-01
3.791940000000000055e+03 5.570574152838679849e-01
3.792289999999999964e+03 6.012027675170501517e-01
3.792630000000000109e+03 6.461584658544009541e-01
3.793099999999999909e+03 6.910894835997466457e-01
3.793449999999999818e+03 7.354528477289742350e-01
3.793789999999999964e+03 7.787055852179707305e-01
3.794139999999999873e+03 8.199633081865523865e-01
3.794610000000000127e+03 8.581976586345051450e-01
3.794960000000000036e+03 8.933222544898110629e-01
3.795300000000000182e+03 9.243334183442613039e-01
3.795769999999999982e+03 9.504331443896900655e-01
3.796119999999999891e+03 9.712759043380253532e-01
3.796469999999999800e+03 9.866477997252227627e-01
3.796820000000000164e+03 9.958248665191316018e-01
3.797280000000000200e+03 9.987947644237492595e-01
3.797630000000000109e+03 9.953970695910425714e-01
3.797980000000000018e+03 9.858621342130593490e-01
3.798329999999999927e+03 9.703709492978371820e-01
3.798789999999999964e+03 9.491415267414214929e-01
3.799139999999999873e+03 9.226757052479165333e-01
3.799489999999999782e+03 8.913971683134106483e-01
3.799840000000000146e+03 8.562314381380961015e-01
3.800309999999999945e+03 8.174952489860389804e-01
3.800659999999999854e+03 7.762539797454608426e-01
3.801010000000000218e+03 7.330341497124710504e-01
3.801360000000000127e+03 6.885638363512213145e-01
3.801820000000000164e+03 6.434847350538448474e-01
3.802170000000000073e+03 5.987676157725436710e-01
3.802519999999999982e+03 5.545975829473562824e-01
3.802989999999999782e+03 5.117685289544477989e-01
3.803340000000000146e+03 4.707493850419158798e-01
3.803690000000000055e+03 4.317293690817997076e-01
3.804039999999999964e+03 3.952131991806043243e-01
3.804500000000000000e+03 3.611815422079257543e-01
3.804849999999999909e+03 3.300235288310449100e-01
3.805210000000000036e+03 3.016235716107377174e-01
3.805559999999999945e+03 2.759849612926048579e-01
3.806019999999999982e+03 2.530920668350431502e-01
3.806369999999999891e+03 2.328087336388242057e-01
3.806719999999999800e+03 2.150893026087385695e-01
3.807070000000000164e+03 1.996359612679242668e-01
3.807539999999999964e+03 1.863080302419520828e-01
3.807889999999999873e+03 1.749249298659843743e-01
3.808239999999999782e+03 1.652994989839823015e-01
3.808590000000000146e+03 1.571779388414930034e-01
3.809059999999999945e+03 1.504129885728859028e-01
3.809409999999999854e+03 1.448454583597278689e-01
3.809769999999999982e+03 1.402894210755802062e-01
3.810119999999999891e+03 1.365667651148058936e-01
3.810579999999999927e+03 1.335483287125780461e-01
3.810940000000000055e+03 1.311769351640847958e-01
3.811289999999999964e+03 1.292641892836869644e-01
3.811639999999999873e+03 1.277607298873742192e-01
3.812110000000000127e+03 1.265875790807302059e-01
3.812460000000000036e+03 1.256929076205441365e-01
3.812809999999999945e+03 1.249771704523952448e-01
3.813159999999999854e+03 1.244658708546888953e-01
3.813630000000000109e+03 1.240635772050052293e-01
3.813980000000000018e+03 1.237550698049410536e-01
3.814340000000000146e+03 1.235329444768948487e-01
3.814690000000000055e+03 1.233967898776665295e-01
3.815159999999999854e+03 1.232812024384424970e-01
3.815510000000000218e+03 1.232297845384317941e-01
3.815860000000000127e+03 1.232071606624270954e-01
3.816210000000000036e+03 1.232129194672282879e-01
3.816679999999999836e+03 1.232676281128396722e-01
3.817039999999999964e+03 1.233585349600585801e-01
3.817389999999999873e+03 1.235062071688892843e-01
3.817739999999999782e+03 1.237394387633378029e-01
3.818210000000000036e+03 1.240224428849966698e-01
3.818570000000000164e+03 1.244288499666812015e-01
3.818920000000000073e+03 1.249512558307898646e-01
3.819269999999999982e+03 1.256493052413350520e-01
3.819739999999999782e+03 1.265764728143279061e-01
3.820090000000000146e+03 1.278125591305850073e-01
3.820449999999999818e+03 1.293579755333064685e-01
3.820800000000000182e+03 1.313747912433259613e-01
3.821269999999999982e+03 1.339078426694528257e-01
3.821630000000000109e+03 1.371278372397225775e-01
3.821980000000000018e+03 1.411380220973567079e-01
3.822329999999999927e+03 1.461049912383898253e-01
3.822800000000000182e+03 1.522150831324607378e-01
3.823159999999999854e+03 1.596529908764078298e-01
3.823510000000000218e+03 1.686540027806800457e-01
3.823869999999999891e+03 1.794801444637318666e-01
3.824340000000000146e+03 1.923132296200011637e-01
3.824690000000000055e+03 2.075049566855610428e-01
3.825039999999999964e+03 2.252412527868501713e-01
3.825400000000000091e+03 2.457923704063248171e-01
3.825869999999999891e+03 2.694392569496433798e-01
3.826230000000000018e+03 2.964015696856515114e-01
3.826579999999999927e+03 3.268886823031928457e-01
3.826929999999999836e+03 3.609273321102728915e-01
3.827409999999999854e+03 3.986684820613230484e-01
3.827760000000000218e+03 4.400796360435365595e-01
3.828119999999999891e+03 4.852327791169284144e-01
3.828469999999999800e+03 5.336684409270030516e-01
3.828820000000000164e+03 5.853166931297458797e-01
3.829300000000000182e+03 6.397086044770593505e-01
3.829650000000000091e+03 6.964698526568657844e-01
3.830010000000000218e+03 7.547818647009946202e-01
3.830360000000000127e+03 8.140317392413185527e-01
3.830840000000000146e+03 8.734420376296759825e-01
3.831190000000000055e+03 9.322970226979178099e-01
3.831550000000000182e+03 9.891775604057488902e-01
3.831900000000000091e+03 1.043742235897098469e+00
3.832380000000000109e+03 1.094423831579640183e+00
3.832730000000000018e+03 1.140786323661283630e+00
3.833090000000000146e+03 1.181743766093802606e+00
3.833440000000000055e+03 1.216308935196992236e+00
3.833920000000000073e+03 1.243757866938701717e+00
3.834269999999999982e+03 1.264024746406917199e+00
3.834630000000000109e+03 1.276068875305422345e+00
3.834980000000000018e+03 1.279951955114229989e+00
3.835340000000000146e+03 1.275595830625323890e+00
3.835809999999999945e+03 1.263008728702705863e+00
3.836170000000000073e+03 1.242581425386456884e+00
3.836530000000000200e+03 1.214630654940643151e+00
3.836880000000000109e+03 1.179678823229373119e+00
3.837360000000000127e+03 1.138301810732766706e+00
3.837710000000000036e+03 1.091885844035112241e+00
3.838070000000000164e+03 1.040628367872450610e+00
3.838429999999999836e+03 9.860883729731063641e-01
3.838900000000000091e+03 9.289815965052281577e-01
3.839260000000000218e+03 8.702171069410051807e-01
3.839610000000000127e+03 8.106751787286203825e-01
3.839969999999999800e+03 7.515610474443247258e-01
3.840449999999999818e+03 6.931996742161855574e-01
3.840800000000000182e+03 6.366153036124160280e-01
3.841159999999999854e+03 5.823673623851324255e-01
3.841519999999999982e+03 5.307808116624024297e-01
3.841880000000000109e+03 4.825425945883688450e-01
3.842349999999999909e+03 4.376485977310309305e-01
3.842710000000000036e+03 3.964118532656536464e-01
3.843070000000000164e+03 3.588105600026326170e-01
3.843420000000000073e+03 3.250010283580002102e-01
3.843900000000000091e+03 2.947660691221113405e-01
3.844260000000000218e+03 2.679761091869390377e-01
3.844619999999999891e+03 2.445204972316602499e-01
3.844969999999999800e+03 2.240964846610120631e-01
3.845329999999999927e+03 2.065160876325553563e-01
3.845809999999999945e+03 1.914901318766299432e-01
3.846170000000000073e+03 1.787578258043816259e-01
3.846519999999999982e+03 1.680678387205581104e-01
3.846880000000000109e+03 1.591857050011106223e-01
3.847360000000000127e+03 1.518086760507761923e-01
3.847719999999999800e+03 1.458195190575304612e-01
3.848079999999999927e+03 1.409401660181155425e-01
3.848429999999999836e+03 1.370418665109047196e-01
3.848789999999999964e+03 1.339592605694635286e-01
3.849269999999999982e+03 1.315117685289544369e-01
3.849630000000000109e+03 1.296237032405617440e-01
3.849989999999999782e+03 1.282045692002665438e-01
3.850349999999999909e+03 1.271515306080475138e-01
3.850820000000000164e+03 1.264193397118952289e-01
3.851179999999999836e+03 1.259018699661876017e-01
3.851539999999999964e+03 1.256180431581285506e-01
3.851900000000000091e+03 1.255078031805056116e-01
3.852260000000000218e+03 1.255423560093128221e-01
3.852739999999999782e+03 1.256554753893363297e-01
3.853099999999999909e+03 1.259220257829917755e-01
3.853460000000000036e+03 1.262757809350653626e-01
3.853820000000000164e+03 1.267183862183574317e-01
3.854300000000000182e+03 1.272424374552664217e-01
3.854659999999999854e+03 1.278351830065897199e-01
3.855019999999999982e+03 1.284900413811259356e-01
3.855380000000000109e+03 1.292374519756814000e-01
3.855730000000000018e+03 1.300790601630564536e-01
3.856210000000000036e+03 1.309478170016371568e-01
3.856570000000000164e+03 1.318918496458335032e-01
3.856929999999999836e+03 1.329037539180439875e-01
3.857289999999999964e+03 1.339847638478688374e-01
3.857650000000000091e+03 1.351373474945085640e-01
3.858130000000000109e+03 1.363536893371615766e-01
3.858489999999999782e+03 1.376214490798252643e-01
3.858849999999999909e+03 1.389328112016980366e-01
3.859219999999999800e+03 1.403535906147935497e-01
3.859699999999999818e+03 1.417801288326902553e-01
3.860059999999999945e+03 1.433288359810123980e-01
3.860420000000000073e+03 1.448952308869382033e-01
3.860780000000000200e+03 1.465451284624813832e-01
3.861139999999999873e+03 1.482143591684285944e-01
3.861619999999999891e+03 1.499625677687922154e-01
3.861980000000000018e+03 1.517403930795619971e-01
3.862340000000000146e+03 1.535749837519435890e-01
3.862699999999999818e+03 1.554313756139297231e-01
3.863059999999999945e+03 1.572741931503130186e-01
3.863539999999999964e+03 1.591293509826988972e-01
3.863909999999999854e+03 1.609787500102835833e-01
3.864269999999999982e+03 1.627746744218571406e-01
3.864630000000000109e+03 1.644772239270112513e-01
3.864989999999999782e+03 1.661213626977532387e-01
3.865469999999999800e+03 1.676165952300642525e-01
3.865829999999999927e+03 1.689801979383478703e-01
3.866190000000000055e+03 1.701586962065930186e-01
3.866559999999999945e+03 1.711483879459988755e-01
3.867039999999999964e+03 1.718953871973542269e-01
3.867400000000000091e+03 1.724182044046629891e-01
3.867760000000000218e+03 1.726641876383141483e-01
3.868119999999999891e+03 1.726316915255073914e-01
3.868489999999999782e+03 1.723610276998510937e-01
3.868969999999999800e+03 1.717637573733268586e-01
3.869329999999999927e+03 1.709423050027560065e-01
3.869690000000000055e+03 1.698900890969371469e-01
3.870059999999999945e+03 1.686503006918792513e-01
3.870420000000000073e+03 1.672653081371911765e-01
3.870900000000000091e+03 1.657667848592794813e-01
3.871260000000000218e+03 1.642160209949569405e-01
3.871630000000000109e+03 1.627549299482530243e-01
3.871989999999999782e+03 1.614184758911750561e-01
3.872349999999999909e+03 1.603880611749607110e-01
3.872840000000000146e+03 1.597212738476220251e-01
3.873199999999999818e+03 1.596546362492081705e-01
3.873559999999999945e+03 1.603617352101552318e-01
3.873929999999999836e+03 1.620762136681118404e-01
3.874289999999999964e+03 1.650206082943243002e-01
3.874769999999999982e+03 1.695622485664689538e-01
3.875139999999999873e+03 1.760544782934193309e-01
3.875500000000000000e+03 1.848695630712528792e-01
3.875860000000000127e+03 1.965097529472740190e-01
3.876230000000000018e+03 2.115447582536013060e-01
3.876710000000000036e+03 2.305656791687576701e-01
3.877079999999999927e+03 2.542220266056781641e-01
3.877440000000000055e+03 2.832895938397242408e-01
3.877800000000000182e+03 3.185297771342541773e-01
3.878170000000000073e+03 3.608018724342467731e-01
3.878650000000000091e+03 4.110170049278915605e-01
3.879019999999999982e+03 4.698691105937327639e-01
3.879380000000000109e+03 5.383906608639852376e-01
3.879739999999999782e+03 6.174672776484332326e-01
3.880110000000000127e+03 7.075103041471620946e-01
3.880590000000000146e+03 8.095151909043791782e-01
3.880960000000000036e+03 9.237246304081346837e-01
3.881320000000000164e+03 1.050175643546436444e+00
3.881690000000000055e+03 1.189271346655368378e+00
3.882050000000000182e+03 1.340600396534844974e+00
3.882539999999999964e+03 1.503455282880718613e+00
3.882900000000000091e+03 1.676902256628795662e+00
3.883269999999999982e+03 1.859629132970802790e+00
3.883630000000000109e+03 2.050426562898488569e+00
3.884000000000000000e+03 2.246279400755226252e+00
3.884360000000000127e+03 2.445579294628680511e+00
3.884849999999999909e+03 2.645282304838218579e+00
3.885219999999999800e+03 2.842439100639227334e+00
3.885579999999999927e+03 3.033956381167063121e+00
3.885949999999999818e+03 3.216827227629099895e+00
3.886309999999999945e+03 3.388020040640708164e+00
3.886800000000000182e+03 3.542722104760886115e+00
3.887159999999999854e+03 3.680069599269454539e+00
3.887530000000000200e+03 3.796413909981654289e+00
3.887900000000000091e+03 3.889484422433012956e+00
3.888260000000000218e+03 3.957401298199139550e+00
3.888750000000000000e+03 3.997622436303505555e+00
3.889119999999999891e+03 4.010699036634225223e+00
3.889480000000000018e+03 3.996116920191192357e+00
3.889849999999999909e+03 3.954176367510468637e+00
3.890210000000000036e+03 3.884852698000049287e+00
3.890699999999999818e+03 3.791099355836548668e+00
3.891070000000000164e+03 3.673529242388093863e+00
3.891429999999999836e+03 3.535099915263300918e+00
3.891800000000000182e+03 3.378468651534721534e+00
3.892170000000000073e+03 3.207292292251116894e+00
3.892530000000000200e+03 3.023820884716954538e+00
3.893019999999999982e+03 2.831049007428858122e+00
3.893389999999999873e+03 2.633694766891808481e+00
3.893760000000000218e+03 2.434353738698345371e+00
3.894119999999999891e+03 2.235127886600906777e+00
3.894489999999999782e+03 2.039011789096114580e+00
3.894980000000000018e+03 1.848888962016568938e+00
3.895349999999999909e+03 1.666593996034651637e+00
3.895710000000000036e+03 1.493644747558678043e+00
3.896079999999999927e+03 1.331267019324903433e+00
3.896449999999999818e+03 1.180546757381553791e+00
3.896820000000000164e+03 1.041841830312703054e+00
3.897309999999999945e+03 9.157815932144826032e-01
3.897670000000000073e+03 8.018847745427920559e-01
3.898039999999999964e+03 7.003693861936768350e-01
3.898409999999999854e+03 6.104456492229727305e-01
3.898780000000000200e+03 5.314513010785418823e-01
3.899269999999999982e+03 4.628680493282765762e-01
3.899639999999999873e+03 4.037136064103724054e-01
3.900000000000000000e+03 3.532578381446776494e-01
3.900369999999999891e+03 3.104629256373762636e-01
3.900739999999999782e+03 2.744909627898940996e-01
3.901110000000000127e+03 2.445377736460638551e-01
3.901599999999999909e+03 2.197539344977088305e-01
3.901969999999999800e+03 1.994594950350875862e-01
3.902340000000000146e+03 1.829247324212483483e-01
3.902699999999999818e+03 1.696251840760820417e-01
3.903070000000000164e+03 1.590038913066728066e-01
3.903559999999999945e+03 1.505215831777085012e-01
3.903929999999999836e+03 1.438853833307281727e-01
3.904300000000000182e+03 1.386868279680468496e-01
3.904670000000000073e+03 1.346643028144101639e-01
3.905039999999999964e+03 1.315742926953674397e-01
3.905409999999999854e+03 1.292078352652752393e-01
3.905900000000000091e+03 1.274028613032998081e-01
3.906269999999999982e+03 1.260655845598216418e-01
3.906639999999999873e+03 1.250590277492122648e-01
3.907010000000000218e+03 1.243173759594580208e-01
3.907380000000000109e+03 1.237513677161402870e-01
3.907750000000000000e+03 1.233585349600585801e-01
3.908239999999999782e+03 1.230718287495989466e-01
3.908610000000000127e+03 1.228505261079529121e-01
3.908980000000000018e+03 1.227143715087245929e-01
3.909349999999999909e+03 1.226061882471020936e-01
3.909719999999999800e+03 1.225267990094855708e-01
3.910090000000000146e+03 1.224753811094748818e-01
3.910579999999999927e+03 1.224445303694684656e-01
3.910949999999999818e+03 1.224210838070635826e-01
3.911320000000000164e+03 1.224264312686647038e-01
3.911690000000000055e+03 1.224309560438656408e-01
3.912059999999999945e+03 1.224642748430725681e-01
3.912559999999999945e+03 1.224897781214778769e-01
3.912929999999999836e+03 1.225510682582906241e-01
3.913300000000000182e+03 1.226127697383034565e-01
3.913670000000000073e+03 1.227587965743338339e-01
3.914039999999999964e+03 1.229052347535642825e-01
3.914409999999999854e+03 1.231656149992184507e-01
3.914900000000000091e+03 1.234749450856827829e-01
3.915269999999999982e+03 1.239644434937846040e-01
3.915650000000000091e+03 1.245991460515166183e-01
3.916019999999999982e+03 1.254679028900973214e-01
3.916389999999999873e+03 1.266340608623398867e-01
3.916760000000000218e+03 1.282234909874704898e-01
3.917250000000000000e+03 1.303040648935032408e-01
3.917630000000000109e+03 1.330687025412782831e-01
3.918000000000000000e+03 1.367078558324352211e-01
3.918369999999999891e+03 1.414202035326153906e-01
3.918739999999999782e+03 1.475126076690826127e-01
3.919110000000000127e+03 1.552911075827005383e-01
3.919610000000000127e+03 1.651719825919557849e-01
3.919980000000000018e+03 1.776048308145418142e-01
3.920349999999999909e+03 1.931844545177823780e-01
3.920719999999999800e+03 2.124661670217929677e-01
3.921090000000000146e+03 2.361603580331213537e-01
3.921469999999999800e+03 2.650481682887300128e-01
3.921840000000000146e+03 3.000143970120029979e-01
3.922329999999999927e+03 3.420051335631370537e-01
3.922710000000000036e+03 3.918763831415102983e-01
3.923079999999999927e+03 4.507827861097628008e-01
3.923449999999999818e+03 5.196210706440811400e-01
3.923820000000000164e+03 5.995162603966993631e-01
3.924199999999999818e+03 6.913856507038081967e-01
3.924690000000000055e+03 7.959943399175668510e-01
3.925070000000000164e+03 9.139593428381035389e-01
3.925440000000000055e+03 1.046271996577624597e+00
3.925809999999999945e+03 1.192784217584099027e+00
3.926190000000000055e+03 1.353570047633542606e+00
3.926559999999999945e+03 1.528608919565950686e+00
3.927059999999999945e+03 1.716675030645068434e+00
3.927429999999999836e+03 1.917365264534812042e+00
3.927800000000000182e+03 2.128738081330777465e+00
3.928179999999999836e+03 2.348765559056543051e+00
3.928550000000000182e+03 2.574880916143575060e+00
3.928920000000000073e+03 2.805266015647495337e+00
3.929420000000000073e+03 3.035737497223433223e+00
3.929789999999999964e+03 3.263485886814804893e+00
3.930170000000000073e+03 3.484973632900874474e+00
3.930539999999999964e+03 3.696720772008918132e+00
3.930920000000000073e+03 3.893445657449836617e+00
3.931289999999999964e+03 4.073350719439257084e+00
3.931659999999999854e+03 4.232227917040303211e+00
3.932159999999999854e+03 4.365749919788076028e+00
3.932539999999999964e+03 4.473809778450552166e+00
3.932909999999999854e+03 4.551923852146799732e+00
3.933280000000000200e+03 4.598446768076477120e+00
3.933659999999999854e+03 4.613460794879600257e+00
3.934030000000000200e+03 4.596677992316108963e+00
3.934530000000000200e+03 4.548139494706012975e+00
3.934909999999999854e+03 4.468380048209422917e+00
3.935280000000000200e+03 4.358839354026638802e+00
3.935659999999999854e+03 4.223630844158515529e+00
3.936030000000000200e+03 4.063540184117216292e+00
3.936409999999999854e+03 3.883487038575765382e+00
3.936780000000000200e+03 3.685009831102481925e+00
3.937280000000000200e+03 3.473184536786422250e+00
3.937659999999999854e+03 3.251215519156252842e+00
3.938030000000000200e+03 3.023170962460819400e+00
3.938409999999999854e+03 2.792415654076822573e+00
3.938780000000000200e+03 2.562108709780918758e+00
3.939159999999999854e+03 2.336223704885934449e+00
3.939530000000000200e+03 2.116566436040245858e+00
3.940030000000000200e+03 1.905555601260355614e+00
3.940409999999999854e+03 1.705840250754814713e+00
3.940789999999999964e+03 1.518292432107804846e+00
3.941159999999999854e+03 1.344228443559599473e+00
3.941539999999999964e+03 1.184104876062293865e+00
3.941909999999999854e+03 1.038501723528008291e+00
3.942289999999999964e+03 9.070364367806635908e-01
3.942789999999999964e+03 7.896144068842397834e-01
3.943170000000000073e+03 6.856967742466248961e-01
3.943539999999999964e+03 5.946336166116837907e-01
3.943920000000000073e+03 5.154253700032084273e-01
3.944300000000000182e+03 4.470765838769919509e-01
3.944670000000000073e+03 3.887756780992653316e-01
3.945050000000000182e+03 3.393252326145796416e-01
3.945550000000000182e+03 2.977186906123254762e-01
3.945929999999999836e+03 2.631617483731376606e-01
3.946300000000000182e+03 2.345524174639868897e-01
3.946679999999999836e+03 2.111334150535157383e-01
3.947059999999999945e+03 1.921211323455611908e-01
3.947440000000000055e+03 1.767628112839666754e-01
3.947809999999999945e+03 1.645158901878193136e-01
3.948320000000000164e+03 1.548452115538078155e-01
3.948690000000000055e+03 1.472703265242322201e-01
3.949070000000000164e+03 1.413942889110100243e-01
3.949449999999999818e+03 1.369772856284912632e-01
3.949820000000000164e+03 1.336799585366054421e-01
3.950199999999999818e+03 1.313661530361241725e-01
3.950579999999999927e+03 1.298672184150123921e-01
3.951079999999999927e+03 1.290889570804505115e-01
3.951460000000000036e+03 1.289750150140268059e-01
3.951840000000000146e+03 1.295455480325454767e-01
3.952219999999999800e+03 1.308096056864083978e-01
3.952599999999999909e+03 1.328790733260388490e-01
3.952969999999999800e+03 1.358543186922576973e-01
3.953349999999999909e+03 1.399879065099174924e-01
3.953860000000000127e+03 1.454386152542512245e-01
3.954230000000000018e+03 1.525795332077365396e-01
3.954610000000000127e+03 1.618129540200571037e-01
3.954989999999999782e+03 1.735522776072988826e-01
3.955369999999999891e+03 1.882985199871660964e-01
3.955750000000000000e+03 2.068064959318157425e-01
3.956130000000000109e+03 2.297104966557797778e-01
3.956510000000000218e+03 2.578089393104242566e-01
3.957010000000000218e+03 2.921371747303645461e-01
3.957389999999999873e+03 3.335828815413852122e-01
3.957769999999999982e+03 3.833722738229414229e-01
3.958150000000000091e+03 4.425230146520447994e-01
3.958530000000000200e+03 5.123361825705659012e-01
3.958909999999999854e+03 5.939795809235477453e-01
3.959280000000000200e+03 6.886337646952358504e-01
3.959789999999999964e+03 7.974011336618593848e-01
3.960170000000000073e+03 9.214951502636710146e-01
3.960550000000000182e+03 1.061722047172838135e+00
3.960929999999999836e+03 1.218785221261507346e+00
3.961309999999999945e+03 1.392976726201739179e+00
3.961690000000000055e+03 1.584382944065551690e+00
3.962070000000000164e+03 1.792991534556942268e+00
3.962449999999999818e+03 2.017412157659621563e+00
3.962949999999999818e+03 2.256748085197403775e+00
3.963329999999999927e+03 2.510151950178111768e+00
3.963710000000000036e+03 2.774065633921005691e+00
3.964099999999999909e+03 3.046724474097718627e+00
3.964480000000000018e+03 3.324681414691533554e+00
3.964860000000000127e+03 3.603847704293600351e+00
3.965239999999999782e+03 3.881356280799322267e+00
3.965619999999999891e+03 4.151440112543499872e+00
3.966119999999999891e+03 4.411532417957598540e+00
3.966500000000000000e+03 4.654841920808206801e+00
3.966889999999999873e+03 4.878900561894811361e+00
3.967269999999999982e+03 5.079718312176581207e+00
3.967650000000000091e+03 5.251166157972242843e+00
3.968030000000000200e+03 5.392256875601589172e+00
3.968409999999999854e+03 5.499082704663809551e+00
3.968920000000000073e+03 5.567735884758088893e+00
3.969300000000000182e+03 5.600067460284813947e+00
3.969679999999999836e+03 5.592581014043257248e+00
3.970059999999999945e+03 5.547868008193956868e+00
3.970440000000000055e+03 5.464406472896596867e+00
3.970820000000000164e+03 5.345158079191793199e+00
3.971210000000000036e+03 5.193701512920290142e+00
3.971590000000000146e+03 5.010653788882216020e+00
3.971969999999999800e+03 4.801855980518785927e+00
3.972480000000000018e+03 4.569817281350522009e+00
3.972860000000000127e+03 4.320296496178621659e+00
3.973239999999999782e+03 4.056308770659712515e+00
3.973619999999999891e+03 3.783098730594884440e+00
3.974010000000000218e+03 3.504808602009000129e+00
3.974389999999999873e+03 3.225383166190879614e+00
3.974769999999999982e+03 2.949153867037423993e+00
3.975150000000000091e+03 2.679251026301284089e+00
3.975659999999999854e+03 2.418813192599113204e+00
3.976039999999999964e+03 2.170296084835421802e+00
3.976429999999999836e+03 1.935690604098623702e+00
3.976809999999999945e+03 1.716925949997120560e+00
3.977190000000000055e+03 1.514495734371015034e+00
3.977579999999999927e+03 1.329490016700533905e+00
3.977960000000000036e+03 1.161452206033582124e+00
3.978340000000000146e+03 1.010456344146174912e+00
3.978849999999999909e+03 8.760047057662089243e-01
3.979239999999999782e+03 7.573938940215378945e-01
3.979619999999999891e+03 6.537888822159880764e-01
3.980000000000000000e+03 5.638404646532788611e-01
3.980380000000000109e+03 4.864873758771893764e-01
3.980769999999999982e+03 4.206189892474887504e-01
3.981150000000000091e+03 3.649251766719044388e-01
3.981539999999999964e+03 3.181414691533734351e-01
3.981920000000000073e+03 2.792777636092897975e-01
3.982429999999999836e+03 2.472440005594267465e-01
3.982809999999999945e+03 2.210249849859731996e-01
3.983199999999999818e+03 1.996902585703355659e-01
3.983579999999999927e+03 1.825467080203697079e-01
3.983969999999999800e+03 1.688456887119199057e-01
3.984349999999999909e+03 1.579817034544601928e-01
3.984730000000000018e+03 1.494245308630803015e-01
3.985119999999999891e+03 1.427706432584962826e-01
3.985500000000000000e+03 1.375799034166166335e-01
3.986019999999999982e+03 1.336112642221911340e-01
3.986400000000000091e+03 1.305747287191595385e-01
3.986780000000000200e+03 1.282851924674833222e-01
3.987170000000000073e+03 1.265587850567242156e-01
3.987550000000000182e+03 1.252589405444538562e-01
3.987940000000000055e+03 1.243153192434575810e-01
3.988320000000000164e+03 1.236061635665100800e-01
3.988710000000000036e+03 1.230998000872047526e-01
3.989090000000000146e+03 1.227365840415292064e-01
3.989610000000000127e+03 1.224507005174697433e-01
3.989989999999999782e+03 1.222581918998296990e-01
3.990380000000000109e+03 1.221216259574012947e-01
3.990760000000000218e+03 1.220422367197847857e-01
3.991150000000000091e+03 1.219624361389681916e-01
3.991530000000000200e+03 1.219106068957574035e-01
3.991920000000000073e+03 1.218591889957467145e-01
3.992300000000000182e+03 1.218637137709476514e-01
3.992690000000000055e+03 1.218402672085427824e-01
3.993199999999999818e+03 1.218085937821361819e-01
3.993590000000000146e+03 1.218131185573371328e-01
3.993980000000000018e+03 1.218176433325380698e-01
3.994360000000000127e+03 1.217941967701331868e-01
3.994750000000000000e+03 1.217987215453341376e-01
3.995130000000000109e+03 1.218032463205350746e-01
3.995519999999999982e+03 1.218077710957360116e-01
3.995909999999999854e+03 1.217839131901310573e-01
3.996289999999999964e+03 1.217884379653319943e-01
3.996679999999999836e+03 1.217929627405329313e-01
3.997199999999999818e+03 1.217896719949322498e-01
3.997579999999999927e+03 1.217662254325273807e-01
3.997969999999999800e+03 1.217707502077283177e-01
3.998360000000000127e+03 1.217752749829292547e-01
3.998739999999999782e+03 1.217793884149301065e-01
3.999130000000000109e+03 1.217839131901310573e-01
3.999519999999999982e+03 1.217604666277261743e-01
