3.644900000000000091e+03 1.000512952038984382e+00
3.645329999999999927e+03 1.000972223050633048e+00
3.645650000000000091e+03 9.879754498768318349e-01
3.645969999999999800e+03 9.433366933680072952e-01
3.646400000000000091e+03 9.008809653041626175e-01
3.646730000000000018e+03 8.607752733258975386e-01
3.647150000000000091e+03 8.225961337731201306e-01
3.647480000000000018e+03 7.867014201614009883e-01
3.647800000000000182e+03 7.527213298579839007e-01
3.648230000000000018e+03 7.209958427026608163e-01
3.648550000000000182e+03 6.912804117931252712e-01
3.648980000000000018e+03 6.638255485902765374e-01
3.649300000000000182e+03 6.383747770746226458e-01
3.649619999999999891e+03 6.153157935546980095e-01
3.650050000000000182e+03 5.945627083867658369e-01
3.650380000000000109e+03 5.761298365114490005e-01
3.650809999999999945e+03 5.601674848052869971e-01
3.651130000000000109e+03 5.469422690373798579e-01
3.651449999999999818e+03 5.362466225686968180e-01
3.651880000000000109e+03 5.285213262792487487e-01
3.652199999999999818e+03 5.237031558479514626e-01
3.652630000000000109e+03 5.217742175990265352e-01
3.652960000000000036e+03 5.231263830320237451e-01
3.653280000000000200e+03 5.275079477743249701e-01
3.653710000000000036e+03 5.352135610204167282e-01
3.654030000000000200e+03 5.459467842082346145e-01
3.654460000000000036e+03 5.599479890490703937e-01
3.654789999999999964e+03 5.771265142523127611e-01
3.655110000000000127e+03 5.971656417566817421e-01
3.655539999999999964e+03 6.198607872024430865e-01
3.655860000000000127e+03 6.453771688626183112e-01
3.656190000000000055e+03 6.730348270576236303e-01
3.656619999999999891e+03 7.026428959124879636e-01
3.656940000000000055e+03 7.339389348491265341e-01
3.657369999999999891e+03 7.664040272699619294e-01
3.657699999999999818e+03 7.996146895149024436e-01
3.658019999999999982e+03 8.333025164472702695e-01
3.658449999999999818e+03 8.667636901531101667e-01
3.658780000000000200e+03 8.997536637301156714e-01
3.659210000000000036e+03 9.317952724908593609e-01
3.659530000000000200e+03 9.625962530642919734e-01
3.659860000000000127e+03 9.914408584192726526e-01
3.660289999999999964e+03 1.018275407528465903e+00
3.660610000000000127e+03 1.043004467454386130e+00
3.661050000000000182e+03 1.064840716462778225e+00
3.661369999999999891e+03 1.084446220557447660e+00
3.661699999999999818e+03 1.101618184746237850e+00
3.662130000000000109e+03 1.121319121778392880e+00
3.662449999999999818e+03 1.138025850396941374e+00
3.662780000000000200e+03 1.152060456765896967e+00
3.663210000000000036e+03 1.163244004127474529e+00
3.663530000000000200e+03 1.172178912899550784e+00
3.663969999999999800e+03 1.178942722343832905e+00
3.664289999999999964e+03 1.183630865397806264e+00
3.664619999999999891e+03 1.186690683955933912e+00
3.665050000000000182e+03 1.188324973010372432e+00
3.665380000000000109e+03 1.188933357986842188e+00
3.665809999999999945e+03 1.188653023732978653e+00
3.666130000000000109e+03 1.187621155096417080e+00
3.666460000000000036e+03 1.186320881323177590e+00
3.666889999999999873e+03 1.184674663151553453e+00
3.667219999999999800e+03 1.182825649987772731e+00
3.667539999999999964e+03 1.180982601382584596e+00
3.667980000000000018e+03 1.179073942632875349e+00
3.668300000000000182e+03 1.177511228281550970e+00
3.668739999999999782e+03 1.175876939227112450e+00
3.669059999999999945e+03 1.174314224875788071e+00
3.669389999999999873e+03 1.173300249915005145e+00
3.669820000000000164e+03 1.171940330555837129e+00
3.670150000000000091e+03 1.170920391036461394e+00
3.670480000000000018e+03 1.169906416075678246e+00
3.670909999999999854e+03 1.168552461275103260e+00
3.671239999999999782e+03 1.167270081177642416e+00
3.671670000000000073e+03 1.165916126377067430e+00
3.672000000000000000e+03 1.164365341142928667e+00
3.672320000000000164e+03 1.162552115330705016e+00
3.672760000000000218e+03 1.160136469100604195e+00
3.673090000000000146e+03 1.157798362132210324e+00
3.673409999999999854e+03 1.154929409449053646e+00
3.673849999999999909e+03 1.151469965465205858e+00
3.674170000000000073e+03 1.147825620164979687e+00
3.674610000000000127e+03 1.143859188700740104e+00
3.674940000000000055e+03 1.139188939322545391e+00
3.675260000000000218e+03 1.134274143042044214e+00
3.675699999999999818e+03 1.128792713695222938e+00
3.676030000000000200e+03 1.123150241266395177e+00
3.676349999999999909e+03 1.117018675032954267e+00
3.676789999999999964e+03 1.110600809987057014e+00
3.677119999999999891e+03 1.103777354956846368e+00
3.677550000000000182e+03 1.096673565672772410e+00
3.677880000000000109e+03 1.089683103001962250e+00
3.678210000000000036e+03 1.082239333878096454e+00
3.678639999999999873e+03 1.074783635637044599e+00
3.678969999999999800e+03 1.067435299450664177e+00
3.679300000000000182e+03 1.059902061947905594e+00
3.679739999999999782e+03 1.052356895327961173e+00
3.680059999999999945e+03 1.045163637664994649e+00
3.680500000000000000e+03 1.037964415443435096e+00
3.680829999999999927e+03 1.031349719963974065e+00
3.681159999999999854e+03 1.024770811836070106e+00
3.681590000000000146e+03 1.018412592376101156e+00
3.681920000000000073e+03 1.012621005982452305e+00
3.682250000000000000e+03 1.007324477952009190e+00
3.682690000000000055e+03 1.002224780355129852e+00
3.683010000000000218e+03 9.976738221487918556e-01
3.683449999999999818e+03 9.937670362704807969e-01
3.683780000000000200e+03 9.903970606655254638e-01
3.684110000000000127e+03 9.872597028456908674e-01
3.684550000000000182e+03 9.847545882366975922e-01
3.684880000000000109e+03 9.827624256666885882e-01
3.685199999999999818e+03 9.812354986669211687e-01
3.685639999999999873e+03 9.800962679756884954e-01
3.685969999999999800e+03 9.792433360969121647e-01
3.686300000000000182e+03 9.788437106711918023e-01
3.686739999999999782e+03 9.783844396595430259e-01
3.687070000000000164e+03 9.784381206868785208e-01
3.687510000000000218e+03 9.784321561282857127e-01
3.687829999999999927e+03 9.784798725970285105e-01
3.688159999999999854e+03 9.785335536243640053e-01
3.688599999999999909e+03 9.785216245071783892e-01
3.688929999999999836e+03 9.783486523079859554e-01
3.689260000000000218e+03 9.779490268822655930e-01
3.689699999999999818e+03 9.772690672026816960e-01
3.690030000000000200e+03 9.764161353239053653e-01
3.690360000000000127e+03 9.753425147771939141e-01
3.690800000000000182e+03 9.737678713086838078e-01
3.691130000000000109e+03 9.717995669730461472e-01
3.691460000000000036e+03 9.696165385280662852e-01
3.691900000000000091e+03 9.669324871612876571e-01
3.692230000000000018e+03 9.636460153766320813e-01
3.692670000000000073e+03 9.600971030138915063e-01
3.693000000000000000e+03 9.561724234598019123e-01
3.693329999999999927e+03 9.516095361362781890e-01
3.693769999999999982e+03 9.465754486839201842e-01
3.694099999999999909e+03 9.411954168331773118e-01
3.694429999999999836e+03 9.354097949981211579e-01
3.694869999999999891e+03 9.291768312686019549e-01
3.695199999999999818e+03 9.226158168164765305e-01
3.695530000000000200e+03 9.158877947237514805e-01
3.695969999999999800e+03 9.087362889709347247e-01
3.696300000000000182e+03 9.016981098313818777e-01
3.696630000000000109e+03 8.947136117191647475e-01
3.697070000000000164e+03 8.877291136069475064e-01
3.697400000000000091e+03 8.812575675337146475e-01
3.697840000000000146e+03 8.749768873354527576e-01
3.698170000000000073e+03 8.694000250511461081e-01
3.698510000000000218e+03 8.646582009698372540e-01
3.698949999999999818e+03 8.604770453962554688e-01
3.699280000000000200e+03 8.571607508186356306e-01
3.699610000000000127e+03 8.550373679595841825e-01
3.700050000000000182e+03 8.536476258074521262e-01
3.700380000000000109e+03 8.534985118426310358e-01
3.700710000000000036e+03 8.543275854870360231e-01
3.701159999999999854e+03 8.558962643969533213e-01
3.701489999999999782e+03 8.583059460684612230e-01
3.701820000000000164e+03 8.615208431500026576e-01
3.702260000000000218e+03 8.652904441806784641e-01
3.702590000000000146e+03 8.695312453401885522e-01
3.702920000000000073e+03 8.739867706090410637e-01
3.703369999999999891e+03 8.788240276278354024e-01
3.703699999999999818e+03 8.837388239083366903e-01
3.704139999999999873e+03 8.886297619544665238e-01
3.704469999999999800e+03 8.933894797115539133e-01
3.704800000000000182e+03 8.981849848201983733e-01
3.705250000000000000e+03 9.027359430265363693e-01
3.705579999999999927e+03 9.071616455024246184e-01
3.705909999999999854e+03 9.115992770954985946e-01
3.706360000000000127e+03 9.157983263448588040e-01
3.706690000000000055e+03 9.200749148559260737e-01
3.707019999999999982e+03 9.241546729334295662e-01
3.707460000000000036e+03 9.281986436593759882e-01
3.707800000000000182e+03 9.321054295376870469e-01
3.708130000000000109e+03 9.360181799745910247e-01
3.708570000000000164e+03 9.394656948412533071e-01
3.708909999999999854e+03 9.427640957430944990e-01
3.709239999999999782e+03 9.456390129848440962e-01
3.709679999999999836e+03 9.478101123126383420e-01
3.710019999999999982e+03 9.491700316718061359e-01
3.710349999999999909e+03 9.496531609178262556e-01
3.710789999999999964e+03 9.492117835819560145e-01
3.711130000000000109e+03 9.475118843829962723e-01
3.711460000000000036e+03 9.445117114107970391e-01
3.711900000000000091e+03 9.401575836380228202e-01
3.712239999999999782e+03 9.348133391388370184e-01
3.712570000000000164e+03 9.284252968859039168e-01
3.713019999999999982e+03 9.209636340862594750e-01
3.713349999999999909e+03 9.129830546890377319e-01
3.713679999999999836e+03 9.046624954520240403e-01
3.714130000000000109e+03 8.961510703400394906e-01
3.714460000000000036e+03 8.879796250678468894e-01
3.714800000000000182e+03 8.806968990259875785e-01
3.715239999999999782e+03 8.742193883941619115e-01
3.715570000000000164e+03 8.694477415198887948e-01
3.715909999999999854e+03 8.662924900242757742e-01
3.716349999999999909e+03 8.652904441806784641e-01
3.716690000000000055e+03 8.663282773758328448e-01
3.717019999999999982e+03 8.695729972503385419e-01
3.717469999999999800e+03 8.749828518940455657e-01
3.717800000000000182e+03 8.825160893968041487e-01
3.718139999999999873e+03 8.917551906571153930e-01
3.718579999999999927e+03 9.024854315656369863e-01
3.718920000000000073e+03 9.142415765521272331e-01
3.719250000000000000e+03 9.263675241713736908e-01
3.719699999999999818e+03 9.386008338452912492e-01
3.720030000000000200e+03 9.501720775154034460e-01
3.720369999999999891e+03 9.603356853576051622e-01
3.720820000000000164e+03 9.689902598758178831e-01
3.721150000000000091e+03 9.753067274256368435e-01
3.721489999999999782e+03 9.789570372844557111e-01
3.721929999999999836e+03 9.796250678468539919e-01
3.722269999999999982e+03 9.771915279409747468e-01
3.722599999999999909e+03 9.714118706645115120e-01
3.723050000000000182e+03 9.624948555682136808e-01
3.723389999999999873e+03 9.506492422028307576e-01
3.723719999999999800e+03 9.361434357050406607e-01
3.724170000000000073e+03 9.194665298794563180e-01
3.724500000000000000e+03 9.010718311791335866e-01
3.724840000000000146e+03 8.818242006000346356e-01
3.725289999999999964e+03 8.623320231186291096e-01
3.725619999999999891e+03 8.433289394418366225e-01
3.725960000000000036e+03 8.255068383664266873e-01
3.726409999999999854e+03 8.094979631032405143e-01
3.726739999999999782e+03 7.962268202341685752e-01
3.727079999999999927e+03 7.862481137083450200e-01
3.727530000000000200e+03 7.799256815999332515e-01
3.727860000000000127e+03 7.778142278580673086e-01
3.728199999999999818e+03 7.801821576194253316e-01
3.728650000000000091e+03 7.868505341262219677e-01
3.728980000000000018e+03 7.978372510542357521e-01
3.729320000000000164e+03 8.132735286925091289e-01
3.729769999999999982e+03 8.322050376661874749e-01
3.730110000000000127e+03 8.545780969479354061e-01
3.730440000000000055e+03 8.793787315769696633e-01
3.730889999999999873e+03 9.060880249557131672e-01
3.731230000000000018e+03 9.340975921076960509e-01
3.731570000000000164e+03 9.618626123573724707e-01
3.732019999999999982e+03 9.890252121891719428e-01
3.732349999999999909e+03 1.014213543126740946e+00
3.732690000000000055e+03 1.036938511365466331e+00
3.733139999999999873e+03 1.056204035620343928e+00
3.733480000000000018e+03 1.071443482825053639e+00
3.733809999999999945e+03 1.081654807135997931e+00
3.734260000000000218e+03 1.086641178119613249e+00
3.734599999999999909e+03 1.085943324764250928e+00
3.734940000000000055e+03 1.079513530601167837e+00
3.735389999999999873e+03 1.067143036079615026e+00
3.735730000000000018e+03 1.049410403383097545e+00
3.736059999999999945e+03 1.026279845160058990e+00
3.736400000000000091e+03 9.985923641720894084e-01
3.736849999999999909e+03 9.664612870324531535e-01
3.737190000000000055e+03 9.309065532605259596e-01
3.737530000000000200e+03 8.927453073835270869e-01
3.737980000000000018e+03 8.527529420185259168e-01
3.738320000000000164e+03 8.121641207942406071e-01
3.738650000000000091e+03 7.715514413355839540e-01
3.739110000000000127e+03 7.320839571267527823e-01
3.739440000000000055e+03 6.946742456324519477e-01
3.739780000000000200e+03 6.602408488759788918e-01
3.740230000000000018e+03 6.293563644822465220e-01
3.740570000000000164e+03 6.031421294667088651e-01
3.740909999999999854e+03 5.820234168570355138e-01
3.741360000000000127e+03 5.665471766761900341e-01
3.741699999999999818e+03 5.573880005010228844e-01
3.742039999999999964e+03 5.544707348932642610e-01
3.742489999999999782e+03 5.583083318918983240e-01
3.742829999999999927e+03 5.689777343027728751e-01
3.743170000000000073e+03 5.861598382411710162e-01
3.743510000000000218e+03 6.098701515594338041e-01
3.743960000000000036e+03 6.397824129025331263e-01
3.744300000000000182e+03 6.752357491783820276e-01
3.744639999999999873e+03 7.159378970159313571e-01
3.745090000000000146e+03 7.607973421926910174e-01
3.745429999999999836e+03 8.092653453181197776e-01
3.745769999999999982e+03 8.604233643689198630e-01
3.746219999999999800e+03 9.130784876265232164e-01
3.746559999999999945e+03 9.663360313020035175e-01
3.746900000000000091e+03 1.018943438090864184e+00
3.747360000000000127e+03 1.069904626708100492e+00
3.747699999999999818e+03 1.118062472786701456e+00
3.748039999999999964e+03 1.162218100049505765e+00
3.748489999999999782e+03 1.201112986633424251e+00
3.748829999999999927e+03 1.234538372987707078e+00
3.749170000000000073e+03 1.261319241069564612e+00
3.749510000000000218e+03 1.280698091937706229e+00
3.749960000000000036e+03 1.291935320326619285e+00
3.750300000000000182e+03 1.295573701068252426e+00
3.750639999999999873e+03 1.290575400967451491e+00
3.751099999999999909e+03 1.277554769559278824e+00
3.751440000000000055e+03 1.256607239781220020e+00
3.751780000000000200e+03 1.228347161168337642e+00
3.752230000000000018e+03 1.192935576802638620e+00
3.752570000000000164e+03 1.151428213555055757e+00
3.752909999999999854e+03 1.104481172870801720e+00
3.753250000000000000e+03 1.053120358827845049e+00
3.753710000000000036e+03 9.981032703674764806e-01
3.754050000000000182e+03 9.407957914074568384e-01
3.754389999999999873e+03 8.818957753031486657e-01
3.754849999999999909e+03 8.222621184919209902e-01
3.755190000000000055e+03 7.631891301884203838e-01
3.755530000000000200e+03 7.052673016933381778e-01
3.755980000000000018e+03 6.494569269401218037e-01
3.756320000000000164e+03 5.961683675599587229e-01
3.756670000000000073e+03 5.462479944171731994e-01
3.757119999999999891e+03 5.000172972199192767e-01
3.757460000000000036e+03 4.580429090345168874e-01
3.757800000000000182e+03 4.204626111644607644e-01
3.758150000000000091e+03 3.876575389038334207e-01
3.758599999999999909e+03 3.597845601436265861e-01
3.758940000000000055e+03 3.369486511150742158e-01
3.759289999999999964e+03 3.193627465599408466e-01
3.759739999999999782e+03 3.070292323016635128e-01
3.760079999999999927e+03 3.001240628187311077e-01
3.760429999999999836e+03 2.986221869650536598e-01
3.760769999999999982e+03 3.025814609589817517e-01
3.761219999999999800e+03 3.121313157219799961e-01
3.761570000000000164e+03 3.273087315173240364e-01
3.761909999999999854e+03 3.481596354461787834e-01
3.762369999999999891e+03 3.746911849788556181e-01
3.762710000000000036e+03 4.070936495344661954e-01
3.763050000000000182e+03 4.450568720661827182e-01
3.763510000000000218e+03 4.886631634825864823e-01
3.763849999999999909e+03 5.378129156551769707e-01
3.764190000000000055e+03 5.921768849496292786e-01
3.764539999999999964e+03 6.514371603929450805e-01
3.764989999999999782e+03 7.149358511723339360e-01
3.765340000000000146e+03 7.825083354706334759e-01
3.765679999999999836e+03 8.531167800926892086e-01
3.766139999999999873e+03 9.259857924214318636e-01
3.766480000000000018e+03 1.000286298812456343e+00
3.766820000000000164e+03 1.074843281222973124e+00
3.767280000000000200e+03 1.148785914098427119e+00
3.767630000000000109e+03 1.220563412204679787e+00
3.767969999999999800e+03 1.289084261319241032e+00
3.768309999999999945e+03 1.353012400317314512e+00
3.768769999999999982e+03 1.411220527624853061e+00
3.769110000000000127e+03 1.462909392390416174e+00
3.769460000000000036e+03 1.506391024532229395e+00
3.769920000000000073e+03 1.541456664499543772e+00
3.770260000000000218e+03 1.566579385292591331e+00
3.770599999999999909e+03 1.581878478083229345e+00
3.770949999999999818e+03 1.587061679500408662e+00
3.771409999999999854e+03 1.581204482962238478e+00
3.771750000000000000e+03 1.565338757105280365e+00
3.772099999999999909e+03 1.539679226038876969e+00
3.772550000000000182e+03 1.504267641673177947e+00
3.772900000000000091e+03 1.459974829562738163e+00
3.773239999999999782e+03 1.408202460976875514e+00
3.773590000000000146e+03 1.349230870169453089e+00
3.774050000000000182e+03 1.284932928538623509e+00
3.774389999999999873e+03 1.215911056502263499e+00
3.774739999999999782e+03 1.143990408989782770e+00
3.775199999999999818e+03 1.069588505102679887e+00
3.775539999999999964e+03 9.945722516805143298e-01
3.775889999999999873e+03 9.199377300082907105e-01
3.776230000000000018e+03 8.464066516757426939e-01
3.776690000000000055e+03 7.749452751749106305e-01
3.777039999999999964e+03 7.064721425290921841e-01
3.777380000000000109e+03 6.415240640116428583e-01
3.777840000000000146e+03 5.806414286310741524e-01
3.778190000000000055e+03 5.239966121307192415e-01
3.778530000000000200e+03 4.720071336120770233e-01
3.778880000000000109e+03 4.247857232325521482e-01
3.779340000000000146e+03 3.821767060128715143e-01
3.779690000000000055e+03 3.441782925854572350e-01
3.780030000000000200e+03 3.106741740577488309e-01
3.780489999999999782e+03 2.813840161758828784e-01
3.780840000000000146e+03 2.561646695336311508e-01
3.781179999999999836e+03 2.346063689556654452e-01
3.781530000000000200e+03 2.165015478029548301e-01
3.781989999999999782e+03 2.015370667493752155e-01
3.782340000000000146e+03 1.895286209344077544e-01
3.782679999999999836e+03 1.802173485151231380e-01
3.783030000000000200e+03 1.733867360146012504e-01
3.783489999999999782e+03 1.689699803766022412e-01
3.783840000000000146e+03 1.668519656202842594e-01
3.784179999999999836e+03 1.669360658964433308e-01
3.784650000000000091e+03 1.693344149066248472e-01
3.784989999999999782e+03 1.740863787375415417e-01
3.785340000000000146e+03 1.812951442528495660e-01
3.785690000000000055e+03 1.912523783677388955e-01
3.786150000000000091e+03 2.040797580775034759e-01
3.786500000000000000e+03 2.201005624578752928e-01
3.786840000000000146e+03 2.397406609923832532e-01
3.787190000000000055e+03 2.632457934950523937e-01
3.787650000000000091e+03 2.909750263931717984e-01
3.788000000000000000e+03 3.233518433468330899e-01
3.788349999999999909e+03 3.608241827063587981e-01
3.788809999999999945e+03 4.035429478041477336e-01
3.789159999999999854e+03 4.518666086116296943e-01
3.789500000000000000e+03 5.059770841658862706e-01
3.789849999999999909e+03 5.660443643868136032e-01
3.790320000000000164e+03 6.320404158490250390e-01
3.790659999999999854e+03 7.038238785138706266e-01
3.791010000000000218e+03 7.810649122911659248e-01
3.791360000000000127e+03 8.633877499895620256e-01
3.791820000000000164e+03 9.499454242888755173e-01
3.792170000000000073e+03 1.040207089474343372e+00
3.792519999999999982e+03 1.133284026315632520e+00
3.792980000000000018e+03 1.227535981199711301e+00
3.793329999999999927e+03 1.322372462825888606e+00
3.793679999999999836e+03 1.415711840245262643e+00
3.794030000000000200e+03 1.506587854965793172e+00
3.794489999999999782e+03 1.593264820436963491e+00
3.794840000000000146e+03 1.674203880541820455e+00
3.795190000000000055e+03 1.747949682983710895e+00
3.795539999999999964e+03 1.813213883106580715e+00
3.796000000000000000e+03 1.868284652594284667e+00
3.796349999999999909e+03 1.912326953243825178e+00
3.796699999999999818e+03 1.944386455680347403e+00
3.797159999999999854e+03 1.963705660962560495e+00
3.797510000000000218e+03 1.969688113231180315e+00
3.797860000000000127e+03 1.962983949372826720e+00
3.798210000000000036e+03 1.942841635004801448e+00
3.798679999999999836e+03 1.909988846275431307e+00
3.799030000000000200e+03 1.865308337856456999e+00
3.799380000000000109e+03 1.809969163232074907e+00
3.799719999999999800e+03 1.744180081953035089e+00
3.800190000000000055e+03 1.669879575562010610e+00
3.800539999999999964e+03 1.588564748265804516e+00
3.800889999999999873e+03 1.501846030884484318e+00
3.801239999999999782e+03 1.410731433820240133e+00
3.801699999999999818e+03 1.317159438615745248e+00
3.802050000000000182e+03 1.222245417727860994e+00
3.802400000000000091e+03 1.127921888140668072e+00
3.802750000000000000e+03 1.035137214670428296e+00
3.803219999999999800e+03 9.449113368365174015e-01
3.803570000000000164e+03 8.586399613496603633e-01
3.803920000000000073e+03 7.764841312918637772e-01
3.804269999999999982e+03 6.996069355887317709e-01
3.804739999999999782e+03 6.281217008535283641e-01
3.805090000000000146e+03 5.624262631443960325e-01
3.805440000000000055e+03 5.025576027246103639e-01
3.805909999999999854e+03 4.486206958254054245e-01
3.806260000000000218e+03 4.004968477307837005e-01
3.806610000000000127e+03 3.578651651884502405e-01
3.806960000000000036e+03 3.204345777390744110e-01
3.807429999999999836e+03 2.879605384803497481e-01
3.807780000000000200e+03 2.599277095498547796e-01
3.808130000000000109e+03 2.359788138878782249e-01
3.808480000000000018e+03 2.156712812468313256e-01
3.808949999999999818e+03 1.986031003775565462e-01
3.809300000000000182e+03 1.844193800437798625e-01
3.809650000000000091e+03 1.726733748068974283e-01
3.810000000000000000e+03 1.630596992669557377e-01
3.810469999999999800e+03 1.552526885247857147e-01
3.810820000000000164e+03 1.489219060343439371e-01
3.811170000000000073e+03 1.439057122577643566e-01
3.811519999999999982e+03 1.398939501482192871e-01
3.811989999999999782e+03 1.367386986526062109e-01
3.812340000000000146e+03 1.342801076006370220e-01
3.812690000000000055e+03 1.323523622634306951e-01
3.813050000000000182e+03 1.309333937741937459e-01
3.813519999999999982e+03 1.297911808036646131e-01
3.813869999999999891e+03 1.289627036151189676e-01
3.814219999999999800e+03 1.283465647124784614e-01
3.814570000000000164e+03 1.279099590234824557e-01
3.815039999999999964e+03 1.276135204614182450e-01
3.815389999999999873e+03 1.274137077485580638e-01
3.815750000000000000e+03 1.273319932958361378e-01
3.816099999999999909e+03 1.273081350614647667e-01
3.816570000000000164e+03 1.273940247052016972e-01
3.816920000000000073e+03 1.275467174051784225e-01
3.817269999999999982e+03 1.278467347023983514e-01
3.817619999999999891e+03 1.282654467156158218e-01
3.818099999999999909e+03 1.288553415604478114e-01
3.818449999999999818e+03 1.296647321614963766e-01
3.818800000000000182e+03 1.307496853695342409e-01
3.819150000000000091e+03 1.321781971525197164e-01
3.819619999999999891e+03 1.340462969037976293e-01
3.819980000000000018e+03 1.364816261772547612e-01
3.820329999999999927e+03 1.396667004658320166e-01
3.820679999999999836e+03 1.437184251179491334e-01
3.821150000000000091e+03 1.488354199347477202e-01
3.821510000000000218e+03 1.553194915810255372e-01
3.821860000000000127e+03 1.634348700024454704e-01
3.822210000000000036e+03 1.734463816005296644e-01
3.822690000000000055e+03 1.857625986388877215e-01
3.823039999999999964e+03 2.008064083217521445e-01
3.823389999999999873e+03 2.189762431631247230e-01
3.823750000000000000e+03 2.408333681265917847e-01
3.824219999999999800e+03 2.667535504035024041e-01
3.824570000000000164e+03 2.973922949832097928e-01
3.824929999999999836e+03 3.332339240234526434e-01
3.825280000000000200e+03 3.747734958874368583e-01
3.825750000000000000e+03 4.224368800586912331e-01
3.826110000000000127e+03 4.768497587336049115e-01
3.826460000000000036e+03 5.382709937551071189e-01
3.826820000000000164e+03 6.070429507864270047e-01
3.827170000000000073e+03 6.833475488646463258e-01
3.827639999999999873e+03 7.668871565159820491e-01
3.828000000000000000e+03 8.579301788771122039e-01
3.828349999999999909e+03 9.558085853856385095e-01
3.828710000000000036e+03 1.059961707533833897e+00
3.829179999999999836e+03 1.169995884454571033e+00
3.829530000000000200e+03 1.284408047382453510e+00
3.829889999999999873e+03 1.402243866942626926e+00
3.830239999999999782e+03 1.521749762908795933e+00
3.830719999999999800e+03 1.641858079292841888e+00
3.831070000000000164e+03 1.760171063540442615e+00
3.831429999999999836e+03 1.875310902616651898e+00
3.831780000000000200e+03 1.985154213662417844e+00
3.832260000000000218e+03 2.087786373369438842e+00
3.832610000000000127e+03 2.181251006519262514e+00
3.832969999999999800e+03 2.263728922741072402e+00
3.833320000000000164e+03 2.333693195035101642e+00
3.833800000000000182e+03 2.389115873479783048e+00
3.834150000000000091e+03 2.429722588379847004e+00
3.834510000000000218e+03 2.454576904036216867e+00
3.834860000000000127e+03 2.462611164460774216e+00
3.835219999999999800e+03 2.453664326571511900e+00
3.835699999999999818e+03 2.427766213161394848e+00
3.836050000000000182e+03 2.386855305773096347e+00
3.836409999999999854e+03 2.329947452238797290e+00
3.836760000000000218e+03 2.259255503796441467e+00
3.837239999999999782e+03 2.176497253320767822e+00
3.837590000000000146e+03 2.082460022546031464e+00
3.837949999999999818e+03 1.979231406979726549e+00
3.838309999999999945e+03 1.869030222418389897e+00
3.838780000000000200e+03 1.753508651592238898e+00
3.839139999999999873e+03 1.635034624262631464e+00
3.839500000000000000e+03 1.515117173753556479e+00
3.839849999999999909e+03 1.395617242345980280e+00
3.840210000000000036e+03 1.277870891164699430e+00
3.840690000000000055e+03 1.163530302939930872e+00
3.841039999999999964e+03 1.054134333788627975e+00
3.841400000000000091e+03 9.502019003083677084e-01
3.841760000000000218e+03 8.525799698193334830e-01
3.842230000000000018e+03 7.621274387588946597e-01
3.842590000000000146e+03 6.788085197754940570e-01
3.842949999999999818e+03 6.030705547635947239e-01
3.843300000000000182e+03 5.347930596396213154e-01
3.843659999999999854e+03 4.737016647083032717e-01
3.844139999999999873e+03 4.196597815778643215e-01
3.844500000000000000e+03 3.722343832944642883e-01
3.844849999999999909e+03 3.310819112831555056e-01
3.845210000000000036e+03 2.955659471420817308e-01
3.845690000000000055e+03 2.651836785818665332e-01
3.846050000000000182e+03 2.394782204142982263e-01
3.846400000000000091e+03 2.179139552777396571e-01
3.846760000000000218e+03 1.998962166804845730e-01
3.847239999999999782e+03 1.850104678003304248e-01
3.847599999999999909e+03 1.728284533303112991e-01
3.847960000000000036e+03 1.629427939185360552e-01
3.848309999999999945e+03 1.549365669193651374e-01
3.848670000000000073e+03 1.485503140340099226e-01
3.849150000000000091e+03 1.434714923922055241e-01
3.849510000000000218e+03 1.394710629439868399e-01
3.849869999999999891e+03 1.363653172846943373e-01
3.850230000000000018e+03 1.339437064960007640e-01
3.850710000000000036e+03 1.320732209212857333e-01
3.851059999999999945e+03 1.306572347113451882e-01
3.851420000000000073e+03 1.295842106204930233e-01
3.851780000000000200e+03 1.287867491366301576e-01
3.852139999999999873e+03 1.281712066898489100e-01
3.852619999999999891e+03 1.277274435305415234e-01
3.852980000000000018e+03 1.274095325575430870e-01
3.853340000000000146e+03 1.271804935075779852e-01
3.853699999999999818e+03 1.270105035876819832e-01
3.854059999999999945e+03 1.268703364607502160e-01
3.854539999999999964e+03 1.267802716259983087e-01
3.854900000000000091e+03 1.267271870545220169e-01
3.855260000000000218e+03 1.266746989389050393e-01
3.855610000000000127e+03 1.266508407045336682e-01
3.856090000000000146e+03 1.266192285439916021e-01
3.856449999999999818e+03 1.266251931025844379e-01
3.856809999999999945e+03 1.266013348682130668e-01
3.857170000000000073e+03 1.265774766338417234e-01
3.857530000000000200e+03 1.265834411924345593e-01
3.858010000000000218e+03 1.265810553689974138e-01
3.858369999999999891e+03 1.265864234717309633e-01
3.858730000000000018e+03 1.265917915744645406e-01
3.859090000000000146e+03 1.265971596771980900e-01
3.859460000000000036e+03 1.266025277799316395e-01
3.859940000000000055e+03 1.265715120752488598e-01
3.860300000000000182e+03 1.265768801779824371e-01
3.860659999999999854e+03 1.265822482807159866e-01
3.861019999999999982e+03 1.265876163834495360e-01
3.861500000000000000e+03 1.265858270158716770e-01
3.861860000000000127e+03 1.265905986627459678e-01
3.862219999999999800e+03 1.265965632213388037e-01
3.862579999999999927e+03 1.265727049869674325e-01
3.862940000000000055e+03 1.265780730897010098e-01
3.863420000000000073e+03 1.265756872662638644e-01
3.863789999999999964e+03 1.265810553689974138e-01
3.864150000000000091e+03 1.265870199275902497e-01
3.864510000000000218e+03 1.265923880303238269e-01
3.864869999999999891e+03 1.265977561330573764e-01
3.865349999999999909e+03 1.265953703096202310e-01
3.865710000000000036e+03 1.266007384123537804e-01
3.866070000000000164e+03 1.266061065150873577e-01
3.866440000000000055e+03 1.266407009549258278e-01
3.866800000000000182e+03 1.267045217318692463e-01
3.867280000000000200e+03 1.267313622455370214e-01
3.867639999999999873e+03 1.267951830224804122e-01
3.868000000000000000e+03 1.269174564736336719e-01
3.868369999999999891e+03 1.270397299247869038e-01
3.868849999999999909e+03 1.272425249169435169e-01
3.869210000000000036e+03 1.275413493024448730e-01
3.869570000000000164e+03 1.279290456109795637e-01
3.869940000000000055e+03 1.284658558843352893e-01
3.870300000000000182e+03 1.292132150760182951e-01
3.870780000000000200e+03 1.301961743321185527e-01
3.871139999999999873e+03 1.315877058518284404e-01
3.871510000000000218e+03 1.333937741937407939e-01
3.871869999999999891e+03 1.358171743500122264e-01
3.872230000000000018e+03 1.390505615631915104e-01
3.872719999999999800e+03 1.432400675188032768e-01
3.873079999999999927e+03 1.486904811609416899e-01
3.873440000000000055e+03 1.557048020661231102e-01
3.873809999999999945e+03 1.647100926295949341e-01
3.874170000000000073e+03 1.761727813333174297e-01
3.874650000000000091e+03 1.905592966592507265e-01
3.875019999999999982e+03 2.085680884186165707e-01
3.875380000000000109e+03 2.308695729972503330e-01
3.875739999999999782e+03 2.583363653172847108e-01
3.876110000000000127e+03 2.918798499317057926e-01
3.876590000000000146e+03 3.324269192458412236e-01
3.876949999999999818e+03 3.812539887985589848e-01
3.877320000000000164e+03 4.392712502311266198e-01
3.877679999999999836e+03 5.079853510440960340e-01
3.878050000000000182e+03 5.883959512576272255e-01
3.878530000000000200e+03 6.816476496656864725e-01
3.878900000000000091e+03 7.893675778524010811e-01
3.879260000000000218e+03 9.122136266305611585e-01
3.879619999999999891e+03 1.051277310222656913e+00
3.879989999999999782e+03 1.207351914921536151e+00
3.880469999999999800e+03 1.380783385125583740e+00
3.880840000000000146e+03 1.571607508186356750e+00
3.881199999999999818e+03 1.780176193060832635e+00
3.881570000000000164e+03 2.004849186135980066e+00
3.881929999999999836e+03 2.245435621536828297e+00
3.882300000000000182e+03 2.500450324173759675e+00
3.882780000000000200e+03 2.766362275359811829e+00
3.883150000000000091e+03 3.042479586298215910e+00
3.883510000000000218e+03 3.323881496149877268e+00
3.883880000000000109e+03 3.607985351044095790e+00
3.884239999999999782e+03 3.890299838360462115e+00
3.884730000000000018e+03 4.167484805286984617e+00
3.885090000000000146e+03 4.433969354097950344e+00
3.885460000000000036e+03 4.686085281258760560e+00
3.885820000000000164e+03 4.918452554918673059e+00
3.886190000000000055e+03 5.127987498285189183e+00
3.886679999999999836e+03 5.309316044066158646e+00
3.887039999999999964e+03 5.459545381344053538e+00
3.887409999999999854e+03 5.575383073775625142e+00
3.887769999999999982e+03 5.654496978951073061e+00
3.888139999999999873e+03 5.695234914140178795e+00
3.888630000000000109e+03 5.696433790417340326e+00
3.888989999999999782e+03 5.658761638344953937e+00
3.889360000000000127e+03 5.581347632368466982e+00
3.889730000000000018e+03 5.468366963502865552e+00
3.890090000000000146e+03 5.320779925681599742e+00
3.890460000000000036e+03 5.141544939966717465e+00
3.890949999999999818e+03 4.933841116088204082e+00
3.891309999999999945e+03 4.703304961916293436e+00
3.891679999999999836e+03 4.452680174403693236e+00
3.892050000000000182e+03 4.186386491467699145e+00
3.892409999999999854e+03 3.910728451540943507e+00
3.892900000000000091e+03 3.627841366599664941e+00
3.893269999999999982e+03 3.343236488783647431e+00
3.893630000000000109e+03 3.061858437166357305e+00
3.894000000000000000e+03 2.785496579325647204e+00
3.894369999999999891e+03 2.518379787303840711e+00
3.894860000000000127e+03 2.262625479401396689e+00
3.895219999999999800e+03 2.021299438735036258e+00
3.895590000000000146e+03 1.794932511019522003e+00
3.895960000000000036e+03 1.585498965149084061e+00
3.896329999999999927e+03 1.393106163178394086e+00
3.896690000000000055e+03 1.218720363599491874e+00
3.897179999999999836e+03 1.061434953506265710e+00
3.897550000000000182e+03 9.211127480510804544e-01
3.897920000000000073e+03 7.971334331402804008e-01
3.898289999999999964e+03 6.885665376333824916e-01
3.898650000000000091e+03 5.942453938696267146e-01
3.899139999999999873e+03 5.129281807499835866e-01
3.899510000000000218e+03 4.435830296378916460e-01
3.899880000000000109e+03 3.847629386187275125e-01
3.900250000000000000e+03 3.354372319676482417e-01
3.900619999999999891e+03 2.943259154106300235e-01
3.900980000000000018e+03 2.603434392837757905e-01
3.901480000000000018e+03 2.325080372427038577e-01
3.901840000000000146e+03 2.098725373828709828e-01
3.902210000000000036e+03 1.915899723840937263e-01
3.902579999999999927e+03 1.769666640820246051e-01
3.902949999999999818e+03 1.653518791341846705e-01
3.903320000000000164e+03 1.562165611933888920e-01
3.903809999999999945e+03 1.490793703811949533e-01
3.904179999999999836e+03 1.435275592429782199e-01
3.904550000000000182e+03 1.392688644076895133e-01
3.904920000000000073e+03 1.360104260484202854e-01
3.905289999999999964e+03 1.335333448648132748e-01
3.905780000000000200e+03 1.316682273928317937e-01
3.906150000000000091e+03 1.302862391668704600e-01
3.906519999999999982e+03 1.292454236924196476e-01
3.906889999999999873e+03 1.284795743690988201e-01
3.907250000000000000e+03 1.279535003012102212e-01
3.907619999999999891e+03 1.275467174051784225e-01
3.908119999999999891e+03 1.272508752989734981e-01
3.908489999999999782e+03 1.270510625861133169e-01
3.908860000000000127e+03 1.269102990033222633e-01
3.909230000000000018e+03 1.267981653017768440e-01
3.909599999999999909e+03 1.267164508490549180e-01
3.909969999999999800e+03 1.266919961588242605e-01
3.910460000000000036e+03 1.266311576611772738e-01
3.910829999999999927e+03 1.266072994268059304e-01
3.911199999999999818e+03 1.265828447365752729e-01
3.911570000000000164e+03 1.265589865022039018e-01
3.911940000000000055e+03 1.265643546049374513e-01
3.912309999999999945e+03 1.265691262518117421e-01
3.912800000000000182e+03 1.265667404283745967e-01
3.913170000000000073e+03 1.265715120752488598e-01
3.913539999999999964e+03 1.265768801779824371e-01
3.913920000000000073e+03 1.265822482807159866e-01
3.914289999999999964e+03 1.265583900463446154e-01
3.914659999999999854e+03 1.265631616932189063e-01
3.915150000000000091e+03 1.265607758697817609e-01
3.915519999999999982e+03 1.265655475166560240e-01
3.915889999999999873e+03 1.265709156193895735e-01
3.916260000000000218e+03 1.265756872662638644e-01
3.916639999999999873e+03 1.265810553689974138e-01
3.917010000000000218e+03 1.265571971346260427e-01
3.917500000000000000e+03 1.265542148553296387e-01
3.917869999999999891e+03 1.265595829580631881e-01
3.918239999999999782e+03 1.265649510607967376e-01
3.918619999999999891e+03 1.265697227076710285e-01
3.918989999999999782e+03 1.265750908104045780e-01
3.919360000000000127e+03 1.265798624572788411e-01
3.919849999999999909e+03 1.265482502967368028e-01
3.920230000000000018e+03 1.265530219436110659e-01
3.920599999999999909e+03 1.265583900463446154e-01
3.920969999999999800e+03 1.265637581490781649e-01
3.921340000000000146e+03 1.265685297959524558e-01
3.921710000000000036e+03 1.265733014428267189e-01
3.922210000000000036e+03 1.265709156193895735e-01
3.922579999999999927e+03 1.265464609291589437e-01
3.922960000000000036e+03 1.265518290318924932e-01
3.923329999999999927e+03 1.265571971346260427e-01
3.923699999999999818e+03 1.265619687815003336e-01
3.924070000000000164e+03 1.265673368842338831e-01
3.924570000000000164e+03 1.265643546049374513e-01
3.924940000000000055e+03 1.265691262518117421e-01
3.925320000000000164e+03 1.265452680174403710e-01
3.925690000000000055e+03 1.265506361201739205e-01
3.926059999999999945e+03 1.265554077670482114e-01
3.926429999999999836e+03 1.265607758697817609e-01
3.926929999999999836e+03 1.265577935904853291e-01
3.927300000000000182e+03 1.265631616932189063e-01
3.927679999999999836e+03 1.265679333400931694e-01
3.928050000000000182e+03 1.265440751057217983e-01
3.928420000000000073e+03 1.265488467525960614e-01
3.928800000000000182e+03 1.265542148553296387e-01
3.929170000000000073e+03 1.265589865022039018e-01
3.929670000000000073e+03 1.265560042229074700e-01
3.930039999999999964e+03 1.265613723256410472e-01
3.930420000000000073e+03 1.265661439725153103e-01
3.930789999999999964e+03 1.265422857381439392e-01
3.931159999999999854e+03 1.265476538408775165e-01
3.931539999999999964e+03 1.265524254877517796e-01
3.932039999999999964e+03 1.265494432084553478e-01
3.932409999999999854e+03 1.265542148553296387e-01
3.932789999999999964e+03 1.265595829580631881e-01
3.933159999999999854e+03 1.265643546049374513e-01
3.933530000000000200e+03 1.265404963705661079e-01
3.933909999999999854e+03 1.265458644732996574e-01
3.934280000000000200e+03 1.265506361201739205e-01
3.934780000000000200e+03 1.265476538408775165e-01
3.935159999999999854e+03 1.265524254877517796e-01
3.935530000000000200e+03 1.265577935904853291e-01
3.935909999999999854e+03 1.265625652373596199e-01
3.936280000000000200e+03 1.265387070029882488e-01
3.936659999999999854e+03 1.265434786498625119e-01
3.937159999999999854e+03 1.265404963705661079e-01
3.937530000000000200e+03 1.265458644732996574e-01
3.937909999999999854e+03 1.265506361201739205e-01
3.938280000000000200e+03 1.265554077670482114e-01
3.938659999999999854e+03 1.265607758697817609e-01
3.939030000000000200e+03 1.265363211795511034e-01
3.939409999999999854e+03 1.265416892822846529e-01
3.939909999999999854e+03 1.265387070029882488e-01
3.940280000000000200e+03 1.265434786498625119e-01
3.940659999999999854e+03 1.265488467525960614e-01
3.941039999999999964e+03 1.265536183994703523e-01
3.941409999999999854e+03 1.265583900463446154e-01
3.941789999999999964e+03 1.265345318119732443e-01
3.942159999999999854e+03 1.265393034588475352e-01
3.942670000000000073e+03 1.265363211795511034e-01
3.943039999999999964e+03 1.265416892822846529e-01
3.943420000000000073e+03 1.265464609291589437e-01
3.943789999999999964e+03 1.265512325760332069e-01
3.944170000000000073e+03 1.265273743416618357e-01
3.944550000000000182e+03 1.265321459885361266e-01
3.944920000000000073e+03 1.265369176354103897e-01
3.945429999999999836e+03 1.265339353561139579e-01
3.945800000000000182e+03 1.265393034588475352e-01
3.946179999999999836e+03 1.265440751057217983e-01
3.946559999999999945e+03 1.265488467525960614e-01
3.946929999999999836e+03 1.265249885182247180e-01
3.947309999999999945e+03 1.265589865022039018e-01
3.947690000000000055e+03 1.265929844861831133e-01
3.948190000000000055e+03 1.265900022068866815e-01
3.948570000000000164e+03 1.266240001908658652e-01
3.948940000000000055e+03 1.266872245119499973e-01
3.949320000000000164e+03 1.267504488330341017e-01
3.949699999999999818e+03 1.268428994912231544e-01
3.950079999999999927e+03 1.269943992794813348e-01
3.950449999999999818e+03 1.272043517419493286e-01
3.950960000000000036e+03 1.274650029524564965e-01
3.951340000000000146e+03 1.278222800121676939e-01
3.951710000000000036e+03 1.283584938296641331e-01
3.952090000000000146e+03 1.290450145237001800e-01
3.952469999999999800e+03 1.300047120012883528e-01
3.952849999999999909e+03 1.313031964069499014e-01
3.953230000000000018e+03 1.329816231949754457e-01
3.953730000000000018e+03 1.352326476079137862e-01
3.954110000000000127e+03 1.381648246121545687e-01
3.954489999999999782e+03 1.420089826252408094e-01
3.954860000000000127e+03 1.469374973905056281e-01
3.955239999999999782e+03 1.532318960735310764e-01
3.955619999999999891e+03 1.612375266168427079e-01
3.956000000000000000e+03 1.713492427992866496e-01
3.956380000000000109e+03 1.839499692825232458e-01
3.956880000000000109e+03 1.995210459449948404e-01
3.957260000000000218e+03 2.187287139815217996e-01
3.957639999999999873e+03 2.421712186189660942e-01
3.958019999999999982e+03 2.704819959798875351e-01
3.958400000000000091e+03 3.044781905915052711e-01
3.958780000000000200e+03 3.449632284962751427e-01
3.959159999999999854e+03 3.926361559612780994e-01
3.959659999999999854e+03 4.484131291863745483e-01
3.960039999999999964e+03 5.130922061112866972e-01
3.960420000000000073e+03 5.875060391155753070e-01
3.960800000000000182e+03 6.722475053233685216e-01
3.961179999999999836e+03 7.679727061798791166e-01
3.961559999999999945e+03 8.751081076244952017e-01
3.961940000000000055e+03 9.937551071532950697e-01
3.962320000000000164e+03 1.124074747848285538e+00
3.962829999999999927e+03 1.265858270158716881e+00
3.963210000000000036e+03 1.418079770006620555e+00
3.963590000000000146e+03 1.580584168868582884e+00
3.963969999999999800e+03 1.751599992842529652e+00
3.964349999999999909e+03 1.929976082120042680e+00
3.964730000000000018e+03 2.113338542381171248e+00
3.965110000000000127e+03 2.299778714876205665e+00
3.965489999999999782e+03 2.487149358511723474e+00
3.966000000000000000e+03 2.671102310073543151e+00
3.966380000000000109e+03 2.850408870491539126e+00
3.966760000000000218e+03 3.021508198285785873e+00
3.967139999999999873e+03 3.181561163566090311e+00
3.967519999999999982e+03 3.327030783086897703e+00
3.967900000000000091e+03 3.456002433539905994e+00
3.968280000000000200e+03 3.564438108757761459e+00
3.968659999999999854e+03 3.651795033908515453e+00
3.969170000000000073e+03 3.714464651043499543e+00
3.969550000000000182e+03 3.752423101928341609e+00
3.969929999999999836e+03 3.764686234395223430e+00
3.970320000000000164e+03 3.750985643307466866e+00
3.970699999999999818e+03 3.711607627477528482e+00
3.971079999999999927e+03 3.647357402315441810e+00
3.971460000000000036e+03 3.558735990743004951e+00
3.971840000000000146e+03 3.449149155716731308e+00
3.972349999999999909e+03 3.319712269693481321e+00
3.972730000000000018e+03 3.173342001825155023e+00
3.973110000000000127e+03 3.012543466720745133e+00
3.973500000000000000e+03 2.840859612184400085e+00
3.973880000000000109e+03 2.661135532664905323e+00
3.974260000000000218e+03 2.476180535259488114e+00
3.974639999999999873e+03 2.289281091752804809e+00
3.975030000000000200e+03 2.103371764972533420e+00
3.975530000000000200e+03 1.920015269269997660e+00
3.975920000000000073e+03 1.741889691453383904e+00
3.976300000000000182e+03 1.571219811877822004e+00
3.976679999999999836e+03 1.409460982839964904e+00
3.977059999999999945e+03 1.257680860327931471e+00
3.977449999999999818e+03 1.116571333138490996e+00
3.977829999999999927e+03 9.867407862481136771e-01
3.978210000000000036e+03 8.687976046332691604e-01
3.978599999999999909e+03 7.623183046338655178e-01
3.979110000000000127e+03 6.671537722850819918e-01
3.979489999999999782e+03 5.830970374037469650e-01
3.979869999999999891e+03 5.092802567146018644e-01
3.980260000000000218e+03 4.450139272443142668e-01
3.980639999999999873e+03 3.897528883374986042e-01
3.981019999999999982e+03 3.424563245197039252e-01
3.981409999999999854e+03 3.024281718031456845e-01
3.981789999999999964e+03 2.687439236059335212e-01
3.982300000000000182e+03 2.407283918953577739e-01
3.982690000000000055e+03 2.175417668215463840e-01
3.983070000000000164e+03 1.985452441592059913e-01
3.983449999999999818e+03 1.830946515803097974e-01
3.983840000000000146e+03 1.706442319736127811e-01
3.984219999999999800e+03 1.606971376083312919e-01
3.984610000000000127e+03 1.528000620314093616e-01
3.984989999999999782e+03 1.465688876694680176e-01
3.985369999999999891e+03 1.416958432991166361e-01
3.985889999999999873e+03 1.379256458125816265e-01
3.986269999999999982e+03 1.350399923653650136e-01
3.986659999999999854e+03 1.328241588481244573e-01
3.987039999999999964e+03 1.311576611772845846e-01
3.987429999999999836e+03 1.299003322259136284e-01
3.987809999999999945e+03 1.289513709537925545e-01
3.988199999999999818e+03 1.282749900093643480e-01
3.988579999999999927e+03 1.277495123973350355e-01
3.988960000000000036e+03 1.273725522942674715e-01
3.989480000000000018e+03 1.271053400693081814e-01
3.989860000000000127e+03 1.269055273564479724e-01
3.990250000000000000e+03 1.267927971990432945e-01
3.990630000000000109e+03 1.266806634974978751e-01
3.991019999999999982e+03 1.266275789260215834e-01
3.991400000000000091e+03 1.265738978986860053e-01
3.991789999999999964e+03 1.265494432084553478e-01
3.992179999999999836e+03 1.265249885182247180e-01
3.992559999999999945e+03 1.265005338279940605e-01
3.992949999999999818e+03 1.264760791377634030e-01
3.993460000000000036e+03 1.264725004026077126e-01
3.993849999999999909e+03 1.264480457123770551e-01
3.994230000000000018e+03 1.264528173592513183e-01
3.994619999999999891e+03 1.264575890061256092e-01
3.995010000000000218e+03 1.264623606529998723e-01
3.995389999999999873e+03 1.264671322998741354e-01
3.995780000000000200e+03 1.264713074908891399e-01
3.996159999999999854e+03 1.264468528006584824e-01
3.996550000000000182e+03 1.264516244475327733e-01
3.997070000000000164e+03 1.264486421682363415e-01
3.997449999999999818e+03 1.264528173592513183e-01
3.997840000000000146e+03 1.264575890061256092e-01
3.998230000000000018e+03 1.264623606529998723e-01
3.998610000000000127e+03 1.264379059627692148e-01
3.999000000000000000e+03 1.264420811537842193e-01
3.999389999999999873e+03 1.264468528006584824e-01
3.999769999999999982e+03 1.264516244475327733e-01
