1.0750000e+03   0.0000000e+00
1.0760000e+03   0.0000000e+00
1.0770000e+03   0.0000000e+00
1.0780000e+03   0.0000000e+00
1.0790000e+03   0.0000000e+00
1.0800000e+03   0.0000000e+00
1.0810000e+03   0.0000000e+00
1.0820000e+03   0.0000000e+00
1.0830000e+03   0.0000000e+00
1.0840000e+03   0.0000000e+00
1.0850000e+03   0.0000000e+00
1.0860000e+03   0.0000000e+00
1.0870000e+03   0.0000000e+00
1.0880000e+03   0.0000000e+00
1.0890000e+03   0.0000000e+00
1.0900000e+03   0.0000000e+00
1.0910000e+03   0.0000000e+00
1.0920000e+03   0.0000000e+00
1.0930000e+03   0.0000000e+00
1.0940000e+03   0.0000000e+00
1.0950000e+03   0.0000000e+00
1.0960000e+03   0.0000000e+00
1.0970000e+03   0.0000000e+00
1.0980000e+03   0.0000000e+00
1.0990000e+03   0.0000000e+00
1.1000000e+03   0.0000000e+00
1.1010000e+03   0.0000000e+00
1.1020000e+03   0.0000000e+00
1.1030000e+03   0.0000000e+00
1.1040000e+03   0.0000000e+00
1.1050000e+03   0.0000000e+00
1.1060000e+03   0.0000000e+00
1.1070000e+03   0.0000000e+00
1.1080000e+03   0.0000000e+00
1.1090000e+03   0.0000000e+00
1.1100000e+03   0.0000000e+00
1.1110000e+03   0.0000000e+00
1.1120000e+03   0.0000000e+00
1.1130000e+03   0.0000000e+00
1.1140000e+03   0.0000000e+00
1.1150000e+03   0.0000000e+00
1.1160000e+03   0.0000000e+00
1.1170000e+03   0.0000000e+00
1.1180000e+03   0.0000000e+00
1.1190000e+03   0.0000000e+00
1.1200000e+03   0.0000000e+00
1.1210000e+03   0.0000000e+00
1.1220000e+03   0.0000000e+00
1.1230000e+03   0.0000000e+00
1.1240000e+03   0.0000000e+00
1.1250000e+03   0.0000000e+00
1.1260000e+03   0.0000000e+00
1.1270000e+03   0.0000000e+00
1.1280000e+03   0.0000000e+00
1.1290000e+03   0.0000000e+00
1.1300000e+03   0.0000000e+00
1.1310000e+03   0.0000000e+00
1.1320000e+03   0.0000000e+00
1.1330000e+03   0.0000000e+00
1.1340000e+03   0.0000000e+00
1.1350000e+03   0.0000000e+00
1.1360000e+03   0.0000000e+00
1.1370000e+03   0.0000000e+00
1.1380000e+03   0.0000000e+00
1.1390000e+03   0.0000000e+00
1.1400000e+03   0.0000000e+00
1.1410000e+03   0.0000000e+00
1.1420000e+03   0.0000000e+00
1.1430000e+03   0.0000000e+00
1.1440000e+03   0.0000000e+00
1.1450000e+03   0.0000000e+00
1.1460000e+03   0.0000000e+00
1.1470000e+03   0.0000000e+00
1.1480000e+03   0.0000000e+00
1.1490000e+03   0.0000000e+00
1.1500000e+03   0.0000000e+00
1.1510000e+03   0.0000000e+00
1.1520000e+03   0.0000000e+00
1.1530000e+03   0.0000000e+00
1.1540000e+03   0.0000000e+00
1.1550000e+03   0.0000000e+00
1.1560000e+03   0.0000000e+00
1.1570000e+03   0.0000000e+00
1.1580000e+03   0.0000000e+00
1.1590000e+03   0.0000000e+00
1.1600000e+03   0.0000000e+00
1.1610000e+03   0.0000000e+00
1.1620000e+03   0.0000000e+00
1.1630000e+03   0.0000000e+00
1.1640000e+03   0.0000000e+00
1.1650000e+03   0.0000000e+00
1.1660000e+03   0.0000000e+00
1.1670000e+03   0.0000000e+00
1.1680000e+03   0.0000000e+00
1.1690000e+03   0.0000000e+00
1.1700000e+03   0.0000000e+00
1.1710000e+03   0.0000000e+00
1.1720000e+03   0.0000000e+00
1.1730000e+03   0.0000000e+00
1.1740000e+03   0.0000000e+00
1.1750000e+03   0.0000000e+00
1.1760000e+03   0.0000000e+00
1.1770000e+03   0.0000000e+00
1.1780000e+03   0.0000000e+00
1.1790000e+03   0.0000000e+00
1.1800000e+03   0.0000000e+00
1.1810000e+03   0.0000000e+00
1.1820000e+03   0.0000000e+00
1.1830000e+03   0.0000000e+00
1.1840000e+03   0.0000000e+00
1.1850000e+03   0.0000000e+00
1.1860000e+03   0.0000000e+00
1.1870000e+03   0.0000000e+00
1.1880000e+03   0.0000000e+00
1.1890000e+03   0.0000000e+00
1.1900000e+03   0.0000000e+00
1.1910000e+03   0.0000000e+00
1.1920000e+03   0.0000000e+00
1.1930000e+03   0.0000000e+00
1.1940000e+03   0.0000000e+00
1.1950000e+03   0.0000000e+00
1.1960000e+03   0.0000000e+00
1.1970000e+03   0.0000000e+00
1.1980000e+03   0.0000000e+00
1.1990000e+03   0.0000000e+00
1.2000000e+03   0.0000000e+00
1.2010000e+03   0.0000000e+00
1.2020000e+03   0.0000000e+00
1.2030000e+03   0.0000000e+00
1.2040000e+03   0.0000000e+00
1.2050000e+03   0.0000000e+00
1.2060000e+03   0.0000000e+00
1.2070000e+03   0.0000000e+00
1.2080000e+03   0.0000000e+00
1.2090000e+03   0.0000000e+00
1.2100000e+03   0.0000000e+00
1.2110000e+03   0.0000000e+00
1.2120000e+03   0.0000000e+00
1.2130000e+03   0.0000000e+00
1.2140000e+03   0.0000000e+00
1.2150000e+03   0.0000000e+00
1.2160000e+03   0.0000000e+00
1.2170000e+03   0.0000000e+00
1.2180000e+03   0.0000000e+00
1.2190000e+03   0.0000000e+00
1.2200000e+03   0.0000000e+00
1.2210000e+03   0.0000000e+00
1.2220000e+03   0.0000000e+00
1.2230000e+03   0.0000000e+00
1.2240000e+03   0.0000000e+00
1.2250000e+03   0.0000000e+00
1.2260000e+03   0.0000000e+00
1.2270000e+03   0.0000000e+00
1.2280000e+03   0.0000000e+00
1.2290000e+03   0.0000000e+00
1.2300000e+03   0.0000000e+00
1.2310000e+03   0.0000000e+00
1.2320000e+03   0.0000000e+00
1.2330000e+03   0.0000000e+00
1.2340000e+03   0.0000000e+00
1.2350000e+03   0.0000000e+00
1.2360000e+03   0.0000000e+00
1.2370000e+03   0.0000000e+00
1.2380000e+03   0.0000000e+00
1.2390000e+03   0.0000000e+00
1.2400000e+03   0.0000000e+00
1.2410000e+03   0.0000000e+00
1.2420000e+03   0.0000000e+00
1.2430000e+03   0.0000000e+00
1.2440000e+03   0.0000000e+00
1.2450000e+03   0.0000000e+00
1.2460000e+03  1.6280242e-227
1.2470000e+03  8.8237455e-146
1.2480000e+03   3.3253058e-82
1.2490000e+03   3.1035167e-22
1.2500000e+03   1.1266312e-03
1.2510000e+03   1.5329477e+00
1.2520000e+03   6.0117206e-01
1.2530000e+03   2.3421293e+00
1.2540000e+03   4.7351594e+00
1.2550000e+03   3.9380175e+00
1.2560000e+03   8.9920663e-03
1.2570000e+03   5.1941453e-21
1.2580000e+03   2.0067973e-57
1.2590000e+03  5.0381024e-112
1.2600000e+03  7.6490601e-185
1.2610000e+03  5.3587310e-276
1.2620000e+03  5.5327307e-277
1.2630000e+03  1.4797937e-185
1.2640000e+03  1.0937340e-112
1.2650000e+03   4.5781603e-58
1.2660000e+03   1.2171336e-21
1.2670000e+03   2.1434128e-03
1.2680000e+03   1.8573189e+00
1.2690000e+03   2.0961778e+00
1.2700000e+03   2.8379113e-02
1.2710000e+03   2.0843889e+00
1.2720000e+03   2.8825619e+00
1.2730000e+03   4.0167889e+00
1.2740000e+03   3.5313900e+00
1.2750000e+03   4.9551957e+00
1.2760000e+03   1.0736947e-02
1.2770000e+03   6.9142382e-21
1.2780000e+03   3.0941954e-57
1.2790000e+03   2.6011419e-58
1.2800000e+03   6.6537459e-22
1.2810000e+03   1.1430207e-03
1.2820000e+03   8.3630555e-01
1.2830000e+03   2.0895831e+00
1.2840000e+03   1.7503595e+00
1.2850000e+03   1.0375515e+00
1.2860000e+03   2.7887562e+00
1.2870000e+03   2.8944087e+00
1.2880000e+03   1.7835203e+00
1.2890000e+03   6.0250305e-01
1.2900000e+03   4.9536562e-01
1.2910000e+03   1.7702398e+00
1.2920000e+03   3.3281058e-03
1.2930000e+03   2.0930923e-21
1.2940000e+03   9.0974326e-58
1.2950000e+03  2.7240058e-112
1.2960000e+03  5.5873703e-185
1.2970000e+03  7.7884687e-276
1.2980000e+03   0.0000000e+00
1.2990000e+03   0.0000000e+00
1.3000000e+03   0.0000000e+00
1.3010000e+03   0.0000000e+00
1.3020000e+03   0.0000000e+00
1.3030000e+03   0.0000000e+00
1.3040000e+03   0.0000000e+00
1.3050000e+03   0.0000000e+00
1.3060000e+03   0.0000000e+00
1.3070000e+03   0.0000000e+00
1.3080000e+03   0.0000000e+00
1.3090000e+03   0.0000000e+00
1.3100000e+03   0.0000000e+00
1.3110000e+03   0.0000000e+00
1.3120000e+03   0.0000000e+00
1.3130000e+03   0.0000000e+00
1.3140000e+03   0.0000000e+00
1.3150000e+03   0.0000000e+00
1.3160000e+03   0.0000000e+00
1.3170000e+03   0.0000000e+00
1.3180000e+03   0.0000000e+00
1.3190000e+03   0.0000000e+00
1.3200000e+03   0.0000000e+00
1.3210000e+03   0.0000000e+00
1.3220000e+03   0.0000000e+00
1.3230000e+03   0.0000000e+00
1.3240000e+03   0.0000000e+00
1.3250000e+03   0.0000000e+00
1.3260000e+03   0.0000000e+00
1.3270000e+03   0.0000000e+00
1.3280000e+03   0.0000000e+00
1.3290000e+03   0.0000000e+00
1.3300000e+03   0.0000000e+00
1.3310000e+03   0.0000000e+00
1.3320000e+03   0.0000000e+00
1.3330000e+03   0.0000000e+00
1.3340000e+03   0.0000000e+00
1.3350000e+03   0.0000000e+00
1.3360000e+03   0.0000000e+00
1.3370000e+03   0.0000000e+00
1.3380000e+03   0.0000000e+00
1.3390000e+03   0.0000000e+00
1.3400000e+03   0.0000000e+00
1.3410000e+03   0.0000000e+00
1.3420000e+03   0.0000000e+00
1.3430000e+03   0.0000000e+00
1.3440000e+03   0.0000000e+00
1.3450000e+03   0.0000000e+00
1.3460000e+03   0.0000000e+00
1.3470000e+03   0.0000000e+00
1.3480000e+03   0.0000000e+00
1.3490000e+03  5.3920496e-228
1.3500000e+03  3.0554382e-146
1.3510000e+03   1.1942782e-82
1.3520000e+03   3.2294020e-37
1.3530000e+03   6.0547779e-10
1.3540000e+03   7.9548762e-01
1.3550000e+03   1.8404425e+00
1.3560000e+03   2.3555118e+00
1.3570000e+03   2.6479404e+00
1.3580000e+03   3.0931858e+00
1.3590000e+03   5.2017491e+00
1.3600000e+03   3.8261734e+00
1.3610000e+03   4.0859281e+00
1.3620000e+03   4.2960453e+00
1.3630000e+03   4.4361781e+00
1.3640000e+03   2.8999734e+00
1.3650000e+03   3.4759539e+00
1.3660000e+03   2.0014141e+00
1.3670000e+03   1.5445821e+00
1.3680000e+03   1.3197374e+00
1.3690000e+03   1.6906654e+00
1.3700000e+03   1.9773304e+00
1.3710000e+03   1.0111458e+00
1.3720000e+03   4.2924049e-01
1.3730000e+03   8.9603969e-01
1.3740000e+03   1.0857321e+00
1.3750000e+03   1.9006224e+00
1.3760000e+03   3.3975593e-01
1.3770000e+03   1.2137110e-03
1.3780000e+03   8.5367345e-03
1.3790000e+03   2.8765792e+00
1.3800000e+03   3.2489632e-01
1.3810000e+03   1.7440044e-01
1.3820000e+03   1.2070732e+00
1.3830000e+03   2.9333888e+00
1.3840000e+03   3.5926111e+00
1.3850000e+03   1.4774956e-01
1.3860000e+03   3.6643817e-01
1.3870000e+03   5.9748343e-01
1.3880000e+03   2.5388504e-01
1.3890000e+03   1.2847268e+00
1.3900000e+03   7.3431010e-01
1.3910000e+03   4.9409612e-10
1.3920000e+03   2.2286240e-37
1.3930000e+03   2.1099605e-21
1.3940000e+03   3.2863550e-03
1.3950000e+03   3.9018186e-01
1.3960000e+03   1.2762522e-01
1.3970000e+03   9.5511870e-03
1.3980000e+03   6.1177764e-21
1.3990000e+03   2.7196078e-57
1.4000000e+03  8.3772364e-112
1.4010000e+03  1.7830315e-184
1.4020000e+03  2.6133002e-275
1.4030000e+03   0.0000000e+00
1.4040000e+03   0.0000000e+00
1.4050000e+03   0.0000000e+00
1.4060000e+03   0.0000000e+00
1.4070000e+03   0.0000000e+00
1.4080000e+03   0.0000000e+00
1.4090000e+03   0.0000000e+00
1.4100000e+03   0.0000000e+00
1.4110000e+03  4.4367547e-276
1.4120000e+03  3.7775070e-185
1.4130000e+03  2.0466553e-112
1.4140000e+03   7.3463112e-58
1.4150000e+03   1.7807921e-21
1.4160000e+03   2.9462596e-03
1.4170000e+03   6.3533796e-01
1.4180000e+03   1.5358871e+00
1.4190000e+03   2.0813118e+00
1.4200000e+03   2.3572331e+00
1.4210000e+03   3.9370258e+00
1.4220000e+03   2.4407500e+00
1.4230000e+03   2.8302009e+00
1.4240000e+03   3.2649631e+00
1.4250000e+03   3.8324968e+00
1.4260000e+03   3.5567576e+00
1.4270000e+03   2.7469578e+00
1.4280000e+03   2.4653439e+00
1.4290000e+03   3.6104574e+00
1.4300000e+03   4.5783536e+00
1.4310000e+03   5.6693715e+00
1.4320000e+03   5.6624772e+00
1.4330000e+03   3.3202185e+00
1.4340000e+03   4.6161130e+00
1.4350000e+03   3.2203279e+00
1.4360000e+03   3.8485355e+00
1.4370000e+03   2.2901525e+00
1.4380000e+03   4.9212353e+00
1.4390000e+03   2.8305597e+00
1.4400000e+03   5.0885740e+00
1.4410000e+03   4.1008747e+00
1.4420000e+03   3.8314860e+00
1.4430000e+03   3.4668152e+00
1.4440000e+03   5.0063103e+00
1.4450000e+03   4.7082138e+00
1.4460000e+03   4.3212974e+00
1.4470000e+03   5.4843289e+00
1.4480000e+03   4.5544132e+00
1.4490000e+03   4.4996547e+00
1.4500000e+03   4.4663045e+00
1.4510000e+03   4.2601667e+00
1.4520000e+03   4.5549097e+00
1.4530000e+03   5.5461634e+00
1.4540000e+03   4.0604943e+00
1.4550000e+03   3.6299944e+00
1.4560000e+03   3.2133269e+00
1.4570000e+03   3.4988959e+00
1.4580000e+03   4.1809786e+00
1.4590000e+03   3.0595347e+00
1.4600000e+03   3.9594739e+00
1.4610000e+03   3.0216439e+00
1.4620000e+03   3.0812271e+00
1.4630000e+03   3.0770256e+00
1.4640000e+03   2.6703175e+00
1.4650000e+03   2.6550501e+00
1.4660000e+03   3.5500849e+00
1.4670000e+03   2.9465556e+00
1.4680000e+03   2.7105959e+00
1.4690000e+03   2.7340189e+00
1.4700000e+03   2.8994375e+00
1.4710000e+03   2.1099845e+00
1.4720000e+03   3.1409546e+00
1.4730000e+03   4.3616762e+00
1.4740000e+03   5.1385814e+00
1.4750000e+03   3.3754339e+00
1.4760000e+03   3.5942980e+00
1.4770000e+03   4.6992110e+00
1.4780000e+03   5.0642171e+00
1.4790000e+03   5.5715517e+00
1.4800000e+03   5.5638284e+00
1.4810000e+03   5.6695156e+00
1.4820000e+03   5.0376375e+00
1.4830000e+03   4.9305721e+00
1.4840000e+03   5.3853414e+00
1.4850000e+03   5.1285755e+00
1.4860000e+03   2.8805585e+00
1.4870000e+03   1.6755694e+00
1.4880000e+03   1.6071176e+00
1.4890000e+03   1.6053213e+00
1.4900000e+03   2.2849816e+00
1.4910000e+03   2.8172996e+00
1.4920000e+03   4.0257954e+00
1.4930000e+03   5.5114803e+00
1.4940000e+03   5.7975168e+00
1.4950000e+03   6.4497964e+00
1.4960000e+03   5.4367054e+00
1.4970000e+03   4.8216033e+00
1.4980000e+03   5.5884450e+00
1.4990000e+03   6.4225581e+00
1.5000000e+03   5.2007925e+00
1.5010000e+03   5.2432764e+00
1.5020000e+03   5.1351845e+00
1.5030000e+03   5.0891268e+00
1.5040000e+03   3.8674742e+00
1.5050000e+03   3.6802962e+00
1.5060000e+03   2.8364582e+00
1.5070000e+03   3.0683759e+00
1.5080000e+03   2.3998902e+00
1.5090000e+03   3.5366130e+00
1.5100000e+03   2.8958205e+00
1.5110000e+03   4.2409623e+00
1.5120000e+03   5.7609796e+00
1.5130000e+03   8.7101220e+00
1.5140000e+03   8.8270974e+00
1.5150000e+03   5.1120038e+00
1.5160000e+03   9.2333216e+00
1.5170000e+03   7.5334906e+00
1.5180000e+03   9.1594781e+00
1.5190000e+03   6.4455322e+00
1.5200000e+03   6.6282166e+00
1.5210000e+03   2.8015875e+00
1.5220000e+03   2.5247827e+00
1.5230000e+03   9.9757042e-03
1.5240000e+03   6.1707059e-01
1.5250000e+03   1.9061559e-01
1.5260000e+03   1.1730538e-10
1.5270000e+03   4.5517872e-38
1.5280000e+03   9.1666671e-84
1.5290000e+03  9.6247014e-185
1.5300000e+03  1.4993202e-275
1.5310000e+03   0.0000000e+00
1.5320000e+03   0.0000000e+00
1.5330000e+03   0.0000000e+00
1.5340000e+03   0.0000000e+00
1.5350000e+03   0.0000000e+00
1.5360000e+03   0.0000000e+00
1.5370000e+03   0.0000000e+00
1.5380000e+03   0.0000000e+00
1.5390000e+03   0.0000000e+00
1.5400000e+03   0.0000000e+00
1.5410000e+03   0.0000000e+00
1.5420000e+03   0.0000000e+00
1.5430000e+03   0.0000000e+00
1.5440000e+03   0.0000000e+00
1.5450000e+03  5.6745870e-276
1.5460000e+03  4.6285103e-185
1.5470000e+03  2.4483725e-112
1.5480000e+03   8.6520475e-58
1.5490000e+03   2.0749124e-21
1.5500000e+03   3.4070819e-03
1.5510000e+03   1.4393845e+00
1.5520000e+03   3.5666659e+00
1.5530000e+03   4.1631213e-01
1.5540000e+03   7.4836177e-05
1.5550000e+03   2.1294991e-23
1.5560000e+03   2.1680303e-83
1.5570000e+03  5.7531595e-147
1.5580000e+03  1.0617499e-228
1.5590000e+03   0.0000000e+00
1.5600000e+03   0.0000000e+00
1.5610000e+03   0.0000000e+00
1.5620000e+03   0.0000000e+00
1.5630000e+03   0.0000000e+00
1.5640000e+03   0.0000000e+00
1.5650000e+03   0.0000000e+00
1.5660000e+03   0.0000000e+00
1.5670000e+03   0.0000000e+00
1.5680000e+03   0.0000000e+00
1.5690000e+03   0.0000000e+00
1.5700000e+03   0.0000000e+00
1.5710000e+03   0.0000000e+00
1.5720000e+03   0.0000000e+00
1.5730000e+03   0.0000000e+00
1.5740000e+03   0.0000000e+00
1.5750000e+03   0.0000000e+00
1.5760000e+03   0.0000000e+00
1.5770000e+03   0.0000000e+00
1.5780000e+03   0.0000000e+00
1.5790000e+03  7.9422578e-228
1.5800000e+03  4.3430058e-146
1.5810000e+03   1.6488754e-82
1.5820000e+03   4.3541470e-37
1.5830000e+03   2.1770790e-04
1.5840000e+03   8.8568448e-01
1.5850000e+03   1.1626617e+00
1.5860000e+03   8.8617580e-01
1.5870000e+03   3.0420247e-01
1.5880000e+03   3.7300844e-01
1.5890000e+03   7.7823879e-01
1.5900000e+03   3.8329223e-01
1.5910000e+03   1.0504118e+00
1.5920000e+03   2.3227022e+00
1.5930000e+03   2.2560464e+00
1.5940000e+03   3.0439356e+00
1.5950000e+03   2.2702927e+00
1.5960000e+03   2.3231221e+00
1.5970000e+03   2.7652448e+00
1.5980000e+03   3.5158343e+00
1.5990000e+03   3.5599153e+00
1.6000000e+03   2.4094816e+00
1.6010000e+03   2.6587034e+00
1.6020000e+03   2.6389143e+00
1.6030000e+03   2.3839316e+00
1.6040000e+03   2.6942540e+00
1.6050000e+03   2.8737438e+00
1.6060000e+03   3.7243933e+00
1.6070000e+03   2.0198090e+00
1.6080000e+03   3.3137992e+00
1.6090000e+03   2.9358203e+00
1.6100000e+03   1.9256449e+00
1.6110000e+03   1.8736888e+00
1.6120000e+03   2.3134557e+00
1.6130000e+03   3.2020158e+00
1.6140000e+03   3.1695169e+00
1.6150000e+03   1.9516055e+00
1.6160000e+03   1.9618417e+00
1.6170000e+03   1.4448427e+00
1.6180000e+03   2.1161339e+00
1.6190000e+03   2.7351366e+00
1.6200000e+03   3.1338371e+00
1.6210000e+03   2.0605004e+00
1.6220000e+03   4.8826725e+00
1.6230000e+03   3.3081138e+00
1.6240000e+03   2.8291841e+00
1.6250000e+03   6.2655747e-01
1.6260000e+03   5.7812926e-01
1.6270000e+03   4.2637423e-03
1.6280000e+03   2.6486283e-21
1.6290000e+03   1.1337712e-57
1.6300000e+03  3.3265347e-112
1.6310000e+03  6.6344402e-185
1.6320000e+03  8.8750506e-276
1.6330000e+03   0.0000000e+00
1.6340000e+03   0.0000000e+00
1.6350000e+03   0.0000000e+00
1.6360000e+03   0.0000000e+00
1.6370000e+03   0.0000000e+00
1.6380000e+03   0.0000000e+00
1.6390000e+03   0.0000000e+00
1.6400000e+03  2.6682860e-228
1.6410000e+03  1.6459437e-146
1.6420000e+03   6.8420398e-83
1.6430000e+03   1.9385172e-37
1.6440000e+03   3.7707924e-10
1.6450000e+03   5.1199428e-01
1.6460000e+03   1.2372932e+00
1.6470000e+03   8.3697461e-01
1.6480000e+03   5.2196841e-01
1.6490000e+03   1.6057571e+00
1.6500000e+03   1.8030782e+00
1.6510000e+03   1.0720188e-01
1.6520000e+03   1.3751736e+00
1.6530000e+03   1.4324011e+00
1.6540000e+03   2.0141779e+00
1.6550000e+03   1.7673583e+00
1.6560000e+03   2.0239074e+00
1.6570000e+03   2.3712286e+00
1.6580000e+03   1.9109054e+00
1.6590000e+03   1.0942324e+00
1.6600000e+03   9.1372541e-01
1.6610000e+03   3.4605740e-02
1.6620000e+03   1.0108518e-11
1.6630000e+03   4.9384648e-58
1.6640000e+03  1.5652841e-112
1.6650000e+03  3.4494431e-185
1.6660000e+03  5.2787782e-276
1.6670000e+03   0.0000000e+00
1.6680000e+03   0.0000000e+00
1.6690000e+03   0.0000000e+00
1.6700000e+03   0.0000000e+00
1.6710000e+03   0.0000000e+00
1.6720000e+03   0.0000000e+00
1.6730000e+03   0.0000000e+00
1.6740000e+03   0.0000000e+00
1.6750000e+03   0.0000000e+00
1.6760000e+03   0.0000000e+00
1.6770000e+03   0.0000000e+00
1.6780000e+03   0.0000000e+00
1.6790000e+03   0.0000000e+00
1.6800000e+03   0.0000000e+00
1.6810000e+03   0.0000000e+00
1.6820000e+03   0.0000000e+00
1.6830000e+03   0.0000000e+00
1.6840000e+03   0.0000000e+00
1.6850000e+03   0.0000000e+00
1.6860000e+03   0.0000000e+00
1.6870000e+03   0.0000000e+00
1.6880000e+03   0.0000000e+00
1.6890000e+03   0.0000000e+00
1.6900000e+03   0.0000000e+00
1.6910000e+03   0.0000000e+00
1.6920000e+03   0.0000000e+00
1.6930000e+03   0.0000000e+00
1.6940000e+03   0.0000000e+00
1.6950000e+03   0.0000000e+00
1.6960000e+03  2.0136142e-228
1.6970000e+03  1.1501334e-146
1.6980000e+03   4.5220719e-83
1.6990000e+03   1.2285306e-37
1.7000000e+03   2.3128639e-10
1.7010000e+03   3.0459427e-01
1.7020000e+03   6.9751369e-01
1.7030000e+03   7.6222370e-01
1.7040000e+03   1.3072567e+00
1.7050000e+03   1.5458725e+00
1.7060000e+03   2.6645384e+00
1.7070000e+03   2.8416613e+00
1.7080000e+03   2.9429556e+00
1.7090000e+03   2.7901200e+00
1.7100000e+03   2.7802867e+00
1.7110000e+03   3.1752722e+00
1.7120000e+03   2.2252605e+00
1.7130000e+03   2.3626646e+00
1.7140000e+03   3.9122101e+00
1.7150000e+03   4.1814850e+00
1.7160000e+03   4.7181578e+00
1.7170000e+03   4.7470580e+00
1.7180000e+03   4.3290012e+00
1.7190000e+03   4.4838367e+00
1.7200000e+03   4.2187289e+00
1.7210000e+03   4.0995864e+00
1.7220000e+03   4.7910151e+00
1.7230000e+03   3.4191354e+00
1.7240000e+03   3.0390943e+00
1.7250000e+03   2.9077004e+00
1.7260000e+03   2.0149797e+00
1.7270000e+03   2.6038245e+00
1.7280000e+03   2.5708460e+00
1.7290000e+03   2.6251887e+00
1.7300000e+03   1.9250666e+00
1.7310000e+03   2.3569358e+00
1.7320000e+03   1.3630155e+00
1.7330000e+03   5.0592309e-03
1.7340000e+03   3.1802796e-21
1.7350000e+03   1.3816439e-57
1.7360000e+03  4.1331236e-112
1.7370000e+03  8.4704522e-185
1.7380000e+03  1.1791509e-275
1.7390000e+03   0.0000000e+00
1.7400000e+03   0.0000000e+00
1.7410000e+03   0.0000000e+00
1.7420000e+03   0.0000000e+00
1.7430000e+03   0.0000000e+00
1.7440000e+03   0.0000000e+00
1.7450000e+03   0.0000000e+00
1.7460000e+03   0.0000000e+00
1.7470000e+03   0.0000000e+00
1.7480000e+03   0.0000000e+00
1.7490000e+03   0.0000000e+00
1.7500000e+03   0.0000000e+00
1.7510000e+03  8.8114645e-276
1.7520000e+03  5.8657746e-185
1.7530000e+03  2.7030349e-112
1.7540000e+03   8.6392719e-58
1.7550000e+03   1.9180783e-21
1.7560000e+03   2.9628947e-03
1.7570000e+03   8.7517862e-01
1.7580000e+03   3.2438734e+00
1.7590000e+03   3.8108628e+00
1.7600000e+03   3.4806864e+00
1.7610000e+03   1.6749157e+00
1.7620000e+03   1.5307731e+00
1.7630000e+03   1.8614683e+00
1.7640000e+03   1.5033131e+00
1.7650000e+03   1.0137708e+00
1.7660000e+03   9.3250072e-01
1.7670000e+03   3.0942131e+00
1.7680000e+03   3.1557677e+00
1.7690000e+03   2.3079158e+00
1.7700000e+03   2.8431438e+00
1.7710000e+03   3.2510513e+00
1.7720000e+03   2.4587290e+00
1.7730000e+03   2.7955217e+00
1.7740000e+03   1.9938975e+00
1.7750000e+03   2.3273716e+00
1.7760000e+03   1.4030205e+00
1.7770000e+03   9.5553082e-01
1.7780000e+03   9.2764236e-01
1.7790000e+03   1.2862296e+00
1.7800000e+03   6.0441905e-01
1.7810000e+03  -3.7654879e-06
1.7820000e+03  -3.3680484e-04
1.7830000e+03  -3.3680484e-04
1.7840000e+03  -3.3680484e-04
1.7850000e+03  -3.3680484e-04
1.7860000e+03  -3.3680484e-04
1.7870000e+03  -3.3680484e-04
1.7880000e+03  -3.3680484e-04
1.7890000e+03   2.6669975e-03
1.7900000e+03   1.4315850e+00
1.7910000e+03   1.1049246e+00
1.7920000e+03   3.7478745e-01
1.7930000e+03   3.9418008e-01
1.7940000e+03   2.7318502e-04
1.7950000e+03  -5.6401050e-08
1.7960000e+03  -3.4810063e-10
1.7970000e+03  -2.4980019e-19
1.7980000e+03  -1.3474086e-46
1.7990000e+03  -5.0515335e-92
1.8000000e+03   2.0313605e-83
1.8010000e+03   6.2555077e-38
1.8020000e+03   1.2904213e-10
1.8030000e+03   1.8284873e-01
1.8040000e+03   4.2432006e-01
1.8050000e+03   8.0269568e-04
1.8060000e+03   1.9099870e-02
1.8070000e+03   3.7205287e-01
1.8080000e+03   7.4014494e-02
1.8090000e+03   3.8317943e-10
1.8100000e+03   4.5234494e-01
1.8110000e+03   8.0505706e-01
1.8120000e+03   9.7327435e-01
1.8130000e+03   7.1597957e-01
1.8140000e+03   2.2606657e-02
1.8150000e+03   2.6384134e-01
1.8160000e+03   2.8033132e-04
1.8170000e+03   4.8431542e-02
1.8180000e+03   3.3478959e-11
1.8190000e+03   2.0556092e-03
1.8200000e+03   1.2490382e+00
1.8210000e+03   1.4227367e+00
1.8220000e+03   2.1009965e+00
1.8230000e+03   1.5672649e+00
1.8240000e+03   2.3131793e+00
1.8250000e+03   1.7414976e+00
1.8260000e+03   2.4914069e+00
1.8270000e+03   1.1502119e+00
1.8280000e+03   9.1099209e-01
1.8290000e+03   9.2502808e-01
1.8300000e+03   1.0613866e+00
1.8310000e+03   1.3077327e+00
1.8320000e+03   1.3263966e+00
1.8330000e+03   5.4541224e-01
1.8340000e+03   4.2947922e-01
1.8350000e+03   4.1647084e-01
1.8360000e+03   4.7443492e-01
1.8370000e+03   2.0964651e-03
1.8380000e+03   5.4015502e-01
1.8390000e+03   1.2985427e+00
1.8400000e+03   1.0064216e+00
1.8410000e+03   1.1497050e+00
1.8420000e+03   1.8017230e+00
1.8430000e+03   1.1814303e+00
1.8440000e+03   4.1771048e-01
1.8450000e+03   2.0035296e+00
1.8460000e+03   2.7461015e+00
1.8470000e+03   3.0016243e+00
1.8480000e+03   2.3082390e+00
1.8490000e+03   2.5834079e+00
1.8500000e+03   2.0585622e+00
1.8510000e+03   8.0726528e-01
1.8520000e+03   2.6838344e-01
1.8530000e+03   2.3564357e-03
1.8540000e+03   4.8061184e-01
1.8550000e+03   1.3545098e+00
1.8560000e+03   2.4611910e+00
1.8570000e+03   2.0663363e+00
1.8580000e+03   1.3862405e+00
1.8590000e+03   3.6864928e-02
1.8600000e+03   2.2032565e-11
1.8610000e+03   8.6355863e-39
1.8620000e+03   1.7894180e-84
1.8630000e+03   3.8941006e-84
1.8640000e+03   5.3459310e-24
1.8650000e+03   1.5440578e-05
1.8660000e+03   2.3938800e-02
1.8670000e+03   8.2115263e-01
1.8680000e+03   7.0489088e-01
1.8690000e+03   1.2506396e+00
1.8700000e+03   8.5180668e-01
1.8710000e+03   3.7602117e-01
1.8720000e+03   2.5310820e-10
1.8730000e+03   1.1448538e-37
1.8740000e+03   2.0544062e-21
1.8750000e+03   3.2010435e-03
1.8760000e+03   4.0960060e-02
1.8770000e+03   2.1500916e-02
1.8780000e+03   4.3158428e-02
1.8790000e+03   1.2369864e-02
1.8800000e+03   1.9999405e-01
1.8810000e+03   2.5950528e-03
1.8820000e+03   1.8469849e+00
1.8830000e+03   3.3593931e+00
1.8840000e+03   5.1384272e+00
1.8850000e+03   5.0129820e+00
1.8860000e+03   4.7472145e+00
1.8870000e+03   2.8197989e+00
1.8880000e+03   7.3612660e-02
1.8890000e+03   7.5424629e-03
1.8900000e+03   4.3374685e-01
1.8910000e+03   3.7059864e-01
1.8920000e+03   4.1331939e-03
1.8930000e+03   5.4057377e-01
1.8940000e+03   4.4513053e-03
1.8950000e+03   4.3179286e-01
1.8960000e+03   5.0771141e-02
1.8970000e+03   3.8715347e-01
1.8980000e+03   1.9502463e-01
1.8990000e+03   3.1980163e-05
1.9000000e+03   5.9268865e-01
1.9010000e+03   2.9028839e-01
1.9020000e+03   6.9419966e-01
1.9030000e+03   1.0147513e-02
1.9040000e+03   6.3415694e-03
1.9050000e+03   1.5495957e+00
1.9060000e+03   3.9049557e-03
1.9070000e+03   2.4732651e-21
1.9080000e+03   1.1741759e-57
1.9090000e+03   2.1905192e-22
1.9100000e+03   3.6593648e-04
1.9110000e+03   3.0290316e-01
1.9120000e+03   2.6793610e-01
1.9130000e+03   1.3939245e-03
1.9140000e+03   2.4204797e-01
1.9150000e+03   4.8756392e-01
1.9160000e+03   5.6665893e-01
1.9170000e+03   4.4200211e-10
1.9180000e+03   2.9013769e-02
1.9190000e+03   1.0606303e-03
1.9200000e+03   6.5507109e-11
1.9210000e+03   1.0153153e-01
1.9220000e+03   1.0984396e-01
1.9230000e+03   5.1426023e-02
1.9240000e+03   1.3565666e-03
1.9250000e+03   6.5101922e-01
1.9260000e+03   9.1022665e-03
1.9270000e+03   4.6146062e-03
1.9280000e+03   2.6205049e+00
1.9290000e+03   1.7687361e+00
1.9300000e+03   1.0163096e+00
1.9310000e+03   6.7880355e-01
1.9320000e+03   2.5621518e-03
1.9330000e+03   3.1160113e-02
1.9340000e+03   1.0400060e+00
1.9350000e+03   1.8061226e+00
1.9360000e+03   2.1798089e+00
1.9370000e+03   1.6560638e+00
1.9380000e+03   1.9456244e+00
1.9390000e+03   2.1144433e+00
1.9400000e+03   1.8906047e+00
1.9410000e+03   1.6587333e+00
1.9420000e+03   9.3592242e-01
1.9430000e+03   3.6024079e-01
1.9440000e+03   1.1682218e+00
1.9450000e+03   1.9320099e+00
1.9460000e+03   2.9135968e+00
1.9470000e+03   3.0301307e+00
1.9480000e+03   5.3204892e+00
1.9490000e+03   5.4279336e+00
1.9500000e+03   5.6385388e+00
1.9510000e+03   6.3415665e+00
1.9520000e+03   5.8230365e+00
1.9530000e+03   5.4492660e+00
1.9540000e+03   5.2218123e+00
1.9550000e+03   3.3677002e+00
1.9560000e+03   3.6445463e+00
1.9570000e+03   3.2550228e+00
1.9580000e+03   3.3376926e+00
1.9590000e+03   2.9550752e+00
1.9600000e+03   2.1806693e+00
1.9610000e+03   2.3529208e+00
1.9620000e+03   2.0015664e+00
1.9630000e+03   3.1900562e+00
1.9640000e+03   2.2650463e+00
1.9650000e+03   1.2809329e+00
1.9660000e+03   1.3827585e+00
1.9670000e+03   6.9572393e-01
1.9680000e+03   1.1437654e-01
1.9690000e+03   9.2911369e-01
1.9700000e+03   9.4053382e-01
1.9710000e+03   4.7950908e-01
1.9720000e+03   4.6495143e-01
1.9730000e+03   1.4796621e+00
1.9740000e+03   1.3865110e+00
1.9750000e+03   1.8010188e+00
1.9760000e+03   1.0190377e+00
1.9770000e+03   1.2197919e+00
1.9780000e+03   1.3610367e+00
1.9790000e+03   1.5698500e+00
1.9800000e+03   3.2326576e+00
1.9810000e+03   3.4349585e+00
1.9820000e+03   3.2693836e+00
1.9830000e+03   3.2141969e+00
1.9840000e+03   2.6525422e+00
1.9850000e+03   2.9837498e+00
1.9860000e+03   2.0322154e+00
1.9870000e+03   3.6301535e+00
1.9880000e+03   3.7515425e+00
1.9890000e+03   3.9059897e+00
1.9900000e+03   4.1056566e+00
1.9910000e+03   4.1076222e+00
1.9920000e+03   3.4384185e+00
1.9930000e+03   2.9694635e+00
1.9940000e+03   3.8108175e+00
1.9950000e+03   2.7345899e+00
1.9960000e+03   2.6133519e+00
1.9970000e+03   2.2090955e+00
1.9980000e+03   2.2565060e+00
1.9990000e+03   2.7471691e+00
2.0000000e+03   2.4290307e+00
2.0010000e+03   2.1409123e+00
2.0020000e+03   2.5913318e+00
2.0030000e+03   2.1825970e+00
2.0040000e+03   3.3715550e+00
2.0050000e+03   2.5619860e+00
2.0060000e+03   1.6662791e+00
2.0070000e+03   1.9613001e+00
2.0080000e+03   1.4339257e+00
2.0090000e+03   8.1941469e-02
2.0100000e+03   7.9288975e-01
2.0110000e+03   1.8249500e+00
2.0120000e+03   3.5496082e-01
2.0130000e+03   1.1422652e+00
2.0140000e+03   1.1844277e+00
2.0150000e+03   1.3929738e+00
2.0160000e+03   6.6393275e-01
2.0170000e+03   8.9026535e-01
2.0180000e+03   7.8557724e-01
2.0190000e+03   1.0678112e+00
2.0200000e+03   1.1132664e+00
2.0210000e+03   2.1303043e+00
2.0220000e+03   9.2274285e-01
2.0230000e+03   7.4998298e-01
2.0240000e+03   1.5431503e+00
2.0250000e+03   1.0698556e+00
2.0260000e+03   1.6033366e+00
2.0270000e+03   1.1965895e+00
2.0280000e+03   9.2223377e-01
2.0290000e+03   1.1807850e+00
2.0300000e+03   6.1289470e-01
2.0310000e+03   1.8058439e-01
2.0320000e+03   9.2741632e-01
2.0330000e+03   1.0579654e+00
2.0340000e+03   1.6999003e+00
2.0350000e+03   2.6287214e+00
2.0360000e+03   2.3176845e+00
2.0370000e+03   1.9744213e+00
2.0380000e+03   2.3837375e+00
2.0390000e+03   1.8464792e+00
2.0400000e+03   9.0067097e-01
2.0410000e+03   1.0011649e+00
2.0420000e+03   7.0861492e-01
2.0430000e+03   8.7303575e-01
2.0440000e+03   9.0288538e-01
2.0450000e+03   9.5590757e-01
2.0460000e+03   6.6072216e-01
2.0470000e+03   3.5519795e-01
2.0480000e+03   2.4096026e-01
2.0490000e+03   1.2684259e+00
2.0500000e+03   1.5434224e+00
2.0510000e+03   1.5219441e+00
2.0520000e+03   1.3858227e+00
2.0530000e+03   1.6424323e+00
2.0540000e+03   2.8291804e+00
2.0550000e+03   3.3851421e+00
2.0560000e+03   3.3301619e+00
2.0570000e+03   4.0733396e+00
2.0580000e+03   4.1153678e+00
2.0590000e+03   4.3277589e+00
2.0600000e+03   4.5713103e+00
2.0610000e+03   4.1781976e+00
2.0620000e+03   4.3932594e+00
2.0630000e+03   3.3805513e+00
2.0640000e+03   3.3418072e+00
2.0650000e+03   4.0221638e+00
2.0660000e+03   4.8064018e+00
2.0670000e+03   4.9094298e+00
2.0680000e+03   4.1888469e+00
2.0690000e+03   3.7193228e+00
2.0700000e+03   2.3247009e+00
2.0710000e+03   1.1609852e+00
2.0720000e+03   1.1023078e+00
2.0730000e+03   4.4453970e-01
2.0740000e+03   9.6233350e-01
2.0750000e+03   1.8337266e+00
2.0760000e+03   2.3812251e+00
2.0770000e+03   3.9892518e+00
2.0780000e+03   4.3039822e+00
2.0790000e+03   4.3459348e+00
2.0800000e+03   3.3530237e+00
2.0810000e+03   1.8812575e+00
2.0820000e+03   9.6561270e-01
2.0830000e+03   1.5982007e+00
2.0840000e+03   1.2302234e+00
2.0850000e+03   1.8431319e+00
2.0860000e+03   2.1586735e+00
2.0870000e+03   1.7036997e+00
2.0880000e+03   1.7556198e+00
2.0890000e+03   2.1446469e+00
2.0900000e+03   8.6417154e-01
2.0910000e+03   1.1363926e+00
2.0920000e+03   8.8810395e-01
2.0930000e+03   6.6092636e-01
2.0940000e+03   1.7749302e+00
2.0950000e+03   2.0844743e+00
2.0960000e+03   1.3848485e+00
2.0970000e+03   1.3361631e+00
2.0980000e+03   2.2703152e+00
2.0990000e+03   1.2559627e+00
2.1000000e+03   1.1294469e+00
2.1010000e+03   9.3677762e-01
2.1020000e+03   1.0994121e+00
2.1030000e+03   1.1612391e+00
2.1040000e+03   1.9374916e+00
2.1050000e+03   2.3989582e+00
2.1060000e+03   2.7297335e+00
2.1070000e+03   1.7560679e+00
2.1080000e+03   1.5867324e+00
2.1090000e+03   1.7389527e+00
2.1100000e+03   1.3008858e+00
2.1110000e+03   1.1048630e+00
2.1120000e+03   1.6491449e+00
2.1130000e+03   2.0327666e+00
2.1140000e+03   1.6467081e+00
2.1150000e+03   9.4796900e-01
2.1160000e+03   1.8914855e-02
2.1170000e+03   9.5450585e-22
2.1180000e+03   4.3288939e-58
2.1190000e+03  1.3654807e-112
2.1200000e+03  2.9924803e-185
2.1210000e+03  4.5499428e-276
2.1220000e+03   0.0000000e+00
2.1230000e+03   0.0000000e+00
2.1240000e+03   0.0000000e+00
2.1250000e+03   0.0000000e+00
2.1260000e+03   0.0000000e+00
2.1270000e+03   0.0000000e+00
2.1280000e+03   0.0000000e+00
2.1290000e+03   0.0000000e+00
2.1300000e+03   0.0000000e+00
2.1310000e+03   0.0000000e+00
2.1320000e+03   0.0000000e+00
2.1330000e+03   0.0000000e+00
2.1340000e+03   0.0000000e+00
2.1350000e+03   0.0000000e+00
2.1360000e+03   0.0000000e+00
2.1370000e+03   0.0000000e+00
2.1380000e+03   0.0000000e+00
2.1390000e+03   0.0000000e+00
2.1400000e+03   0.0000000e+00
2.1410000e+03   0.0000000e+00
2.1420000e+03   0.0000000e+00
2.1430000e+03   0.0000000e+00
2.1440000e+03   0.0000000e+00
2.1450000e+03   0.0000000e+00
2.1460000e+03   0.0000000e+00
2.1470000e+03   0.0000000e+00
2.1480000e+03   0.0000000e+00
2.1490000e+03   0.0000000e+00
2.1500000e+03   0.0000000e+00
2.1510000e+03   0.0000000e+00
2.1520000e+03   0.0000000e+00
2.1530000e+03   0.0000000e+00
2.1540000e+03   0.0000000e+00
2.1550000e+03   0.0000000e+00
2.1560000e+03   0.0000000e+00
2.1570000e+03   0.0000000e+00
2.1580000e+03  4.0025911e-277
2.1590000e+03  4.7397349e-186
2.1600000e+03  2.9512064e-113
2.1610000e+03   1.1452401e-58
2.1620000e+03   2.9186284e-22
2.1630000e+03   4.9994934e-04
2.1640000e+03   2.8965162e-01
2.1650000e+03   1.0122135e+00
2.1660000e+03   1.1029189e+00
2.1670000e+03   1.6344489e+00
2.1680000e+03   1.7776714e+00
2.1690000e+03   2.0702693e+00
2.1700000e+03   1.7052286e+00
2.1710000e+03   2.1023814e+00
2.1720000e+03   2.6684430e+00
2.1730000e+03   2.0970111e+00
2.1740000e+03   1.4721945e+00
2.1750000e+03   8.7958584e-01
2.1760000e+03   7.1070884e-01
2.1770000e+03   3.4648841e-01
2.1780000e+03   4.6792304e-01
2.1790000e+03   5.7155449e-01
2.1800000e+03   1.4493974e-02
2.1810000e+03   8.1080760e-12
2.1820000e+03   2.1871965e-37
2.1830000e+03   3.9973167e-10
2.1840000e+03   5.1462070e-01
2.1850000e+03   8.0226602e-01
2.1860000e+03   1.2066138e+00
2.1870000e+03   5.3184804e-01
2.1880000e+03   3.2787225e-01
2.1890000e+03   2.4599575e-02
2.1900000e+03   1.2200906e-03
2.1910000e+03   4.5763613e-01
2.1920000e+03   8.8425325e-04
2.1930000e+03   4.9728533e-22
2.1940000e+03   1.8410673e-58
2.1950000e+03  4.2732362e-113
2.1960000e+03  5.3372416e-186
2.1970000e+03  6.6858941e-278
2.1980000e+03  5.4195675e-187
2.1990000e+03  4.6977235e-114
2.2000000e+03   2.0809812e-59
2.2010000e+03   5.6979881e-23
2.2020000e+03   1.0210156e-04
2.2030000e+03   1.0321439e-01
2.2040000e+03   1.4291800e-01
2.2050000e+03   6.1188045e-01
2.2060000e+03   2.4750442e-01
2.2070000e+03   6.4195267e-01
2.2080000e+03   1.2240028e+00
2.2090000e+03   6.9273450e-01
2.2100000e+03   1.3879103e+00
2.2110000e+03   1.6603741e+00
2.2120000e+03   5.1343321e-01
2.2130000e+03   5.3731493e-02
2.2140000e+03   1.9732970e-10
2.2150000e+03   2.4667816e-01
2.2160000e+03   3.4931167e-01
2.2170000e+03   1.3212630e+00
2.2180000e+03   1.6418985e+00
2.2190000e+03   2.7161410e+00
2.2200000e+03   1.8582653e+00
2.2210000e+03   2.2144307e+00
2.2220000e+03   1.5206410e+00
2.2230000e+03   1.5273663e+00
2.2240000e+03   7.0877785e-01
2.2250000e+03   2.4492534e-03
2.2260000e+03   1.5744593e-21
2.2270000e+03   7.0294367e-58
2.2280000e+03  2.1767331e-112
2.2290000e+03  4.6637903e-185
2.2300000e+03  6.8940759e-276
2.2310000e+03   0.0000000e+00
2.2320000e+03   0.0000000e+00
2.2330000e+03   0.0000000e+00
2.2340000e+03   0.0000000e+00
2.2350000e+03  1.6479860e-276
2.2360000e+03  1.0658926e-185
2.2370000e+03  4.7945571e-113
2.2380000e+03   2.3364596e-39
2.2390000e+03   8.7844128e-12
2.2400000e+03   1.6892939e-02
2.2410000e+03   3.6196064e-01
2.2420000e+03   7.6758932e-01
2.2430000e+03   3.3994420e-01
2.2440000e+03   7.4007324e-01
2.2450000e+03   6.7737029e-01
2.2460000e+03   6.0345607e-01
2.2470000e+03   9.2368759e-01
2.2480000e+03   7.9380730e-01
2.2490000e+03   1.0164389e+00
2.2500000e+03   9.5611171e-01
2.2510000e+03   1.8182700e+00
2.2520000e+03   2.0862221e+00
2.2530000e+03   1.9538871e+00
2.2540000e+03   1.7312332e+00
2.2550000e+03   1.2164053e+00
2.2560000e+03   1.3308601e+00
2.2570000e+03   1.8038212e+00
2.2580000e+03   1.0702868e+00
2.2590000e+03   1.7291191e+00
2.2600000e+03   1.1713649e+00
2.2610000e+03   1.9331696e+00
2.2620000e+03   1.5177019e+00
2.2630000e+03   1.6811008e+00
2.2640000e+03   1.3849065e+00
2.2650000e+03   9.9887570e-01
2.2660000e+03   1.2721301e+00
2.2670000e+03   1.7169026e+00
2.2680000e+03   1.6029531e+00
2.2690000e+03   1.7742562e+00
2.2700000e+03   1.6024738e+00
2.2710000e+03   1.6258197e+00
2.2720000e+03   1.2654944e+00
2.2730000e+03   1.4741574e+00
2.2740000e+03   3.0323913e+00
2.2750000e+03   3.8188790e+00
2.2760000e+03   3.2717802e+00
2.2770000e+03   3.0735645e+00
2.2780000e+03   3.0549257e+00
2.2790000e+03   2.9932221e+00
2.2800000e+03   2.2277262e+00
2.2810000e+03   1.8375814e+00
2.2820000e+03   1.6746290e+00
2.2830000e+03   1.7305326e+00
2.2840000e+03   1.9512092e+00
2.2850000e+03   2.2001593e+00
2.2860000e+03   2.3533584e+00
2.2870000e+03   2.1473650e+00
2.2880000e+03   1.8433410e+00
2.2890000e+03   1.9349879e+00
2.2900000e+03   1.0000000e+00
2.2910000e+03   1.7881991e+00
2.2920000e+03   2.3382197e+00
2.2930000e+03   2.7703738e+00
2.2940000e+03   3.4538823e+00
2.2950000e+03   3.6417600e+00
2.2960000e+03   3.3991931e+00
2.2970000e+03   4.1366940e+00
2.2980000e+03   3.9737117e+00
2.2990000e+03   3.8765910e+00
2.3000000e+03   3.8944554e+00
2.3010000e+03   4.0643579e+00
2.3020000e+03   3.6741714e+00
2.3030000e+03   4.2615959e+00
2.3040000e+03   3.7921577e+00
2.3050000e+03   3.0969613e+00
2.3060000e+03   3.8166300e+00
2.3070000e+03   3.7104801e+00
2.3080000e+03   3.6248926e+00
2.3090000e+03   3.7678822e+00
2.3100000e+03   3.0797579e+00
2.3110000e+03   3.4188786e+00
2.3120000e+03   3.9225262e+00
2.3130000e+03   4.6650656e+00
2.3140000e+03   4.4983340e+00
2.3150000e+03   3.5722407e+00
2.3160000e+03   3.9153219e+00
2.3170000e+03   4.2497903e+00
2.3180000e+03   5.3048038e+00
2.3190000e+03   4.4027558e+00
2.3200000e+03   4.5008835e+00
2.3210000e+03   4.1009516e+00
2.3220000e+03   4.0710690e+00
2.3230000e+03   3.9265193e+00
2.3240000e+03   4.1337881e+00
2.3250000e+03   4.0411583e+00
2.3260000e+03   3.9005589e+00
2.3270000e+03   4.1705299e+00
2.3280000e+03   3.9456979e+00
2.3290000e+03   4.4057649e+00
2.3300000e+03   3.8056929e+00
2.3310000e+03   3.8175054e+00
2.3320000e+03   5.0152743e+00
2.3330000e+03   4.4805972e+00
2.3340000e+03   4.5547557e+00
2.3350000e+03   4.5058621e+00
2.3360000e+03   4.1314720e+00
2.3370000e+03   4.3048476e+00
2.3380000e+03   3.8035676e+00
2.3390000e+03   3.9163173e+00
2.3400000e+03   3.6763392e+00
2.3410000e+03   3.5405996e+00
2.3420000e+03   4.2189840e+00
2.3430000e+03   4.0515521e+00
2.3440000e+03   3.5632392e+00
2.3450000e+03   3.6842163e+00
2.3460000e+03   3.5879285e+00
2.3470000e+03   2.9134222e+00
2.3480000e+03   2.6275475e+00
2.3490000e+03   3.6886413e+00
2.3500000e+03   3.8533632e+00
2.3510000e+03   3.5055033e+00
2.3520000e+03   3.4037779e+00
2.3530000e+03   3.2520966e+00
2.3540000e+03   3.1505045e+00
2.3550000e+03   3.2347439e+00
2.3560000e+03   3.7665448e+00
2.3570000e+03   3.5540840e+00
2.3580000e+03   3.6626968e+00
2.3590000e+03   3.4792127e+00
2.3600000e+03   3.1354313e+00
2.3610000e+03   3.3451123e+00
2.3620000e+03   2.2183329e+00
2.3630000e+03   2.7975576e+00
2.3640000e+03   3.8181414e+00
2.3650000e+03   3.9307077e+00
2.3660000e+03   3.7419453e+00
2.3670000e+03   3.4981833e+00
2.3680000e+03   2.8991346e+00
2.3690000e+03   2.6365400e+00
2.3700000e+03   3.1800133e+00
2.3710000e+03   3.2681715e+00
2.3720000e+03   3.0474369e+00
2.3730000e+03   3.6325271e+00
2.3740000e+03   3.5544626e+00
2.3750000e+03   3.2079496e+00
2.3760000e+03   2.7077447e+00
2.3770000e+03   2.9367227e+00
2.3780000e+03   3.8799983e+00
2.3790000e+03   4.2184536e+00
2.3800000e+03   4.3421745e+00
2.3810000e+03   4.3311151e+00
2.3820000e+03   4.1958984e+00
2.3830000e+03   3.5318438e+00
2.3840000e+03   3.7213764e+00
2.3850000e+03   3.2114141e+00
2.3860000e+03   3.9796241e+00
2.3870000e+03   3.4920836e+00
2.3880000e+03   3.4052357e+00
2.3890000e+03   3.3393817e+00
2.3900000e+03   3.7425914e+00
2.3910000e+03   4.1530663e+00
2.3920000e+03   4.0476397e+00
2.3930000e+03   3.8486098e+00
2.3940000e+03   4.2338810e+00
2.3950000e+03   3.7881155e+00
2.3960000e+03   3.1501706e+00
2.3970000e+03   3.2230265e+00
2.3980000e+03   3.5714425e+00
2.3990000e+03   3.0860580e+00
2.4000000e+03   3.4576720e+00
2.4010000e+03   4.1541432e+00
2.4020000e+03   4.2388629e+00
2.4030000e+03   3.3761773e+00
2.4040000e+03   3.8062778e+00
2.4050000e+03   4.2472156e+00
2.4060000e+03   3.6893913e+00
2.4070000e+03   3.0609725e+00
2.4080000e+03   2.5474611e+00
2.4090000e+03   2.3963950e+00
2.4100000e+03   2.3692405e+00
2.4110000e+03   2.7107315e+00
2.4120000e+03   2.3851966e+00
2.4130000e+03   2.3159086e+00
2.4140000e+03   2.5149908e+00
2.4150000e+03   2.4885990e+00
2.4160000e+03   2.5612998e+00
2.4170000e+03   2.3749226e+00
2.4180000e+03   2.3675474e+00
2.4190000e+03   2.6773937e+00
2.4200000e+03   2.4279443e+00
2.4210000e+03   2.1508117e+00
2.4220000e+03   2.4542724e+00
2.4230000e+03   2.7343419e+00
2.4240000e+03   2.3217658e+00
2.4250000e+03   2.3590773e+00
2.4260000e+03   2.8102957e+00
2.4270000e+03   2.5925179e+00
2.4280000e+03   2.1341322e+00
2.4290000e+03   2.9860794e+00
2.4300000e+03   3.0541577e+00
2.4310000e+03   2.6164769e+00
2.4320000e+03   3.1732226e+00
2.4330000e+03   2.8182812e+00
2.4340000e+03   3.4766247e+00
2.4350000e+03   3.0599656e+00
2.4360000e+03   3.2439115e+00
2.4370000e+03   3.6997381e+00
2.4380000e+03   3.6398437e+00
2.4390000e+03   3.1348718e+00
2.4400000e+03   3.6229929e+00
2.4410000e+03   4.4896975e+00
2.4420000e+03   4.3711674e+00
2.4430000e+03   3.2432699e+00
2.4440000e+03   3.2542812e+00
2.4450000e+03   3.3997851e+00
2.4460000e+03   4.0211381e+00
2.4470000e+03   3.7565152e+00
2.4480000e+03   4.0700913e+00
2.4490000e+03   4.3337244e+00
2.4500000e+03   3.0943895e+00
2.4510000e+03   2.8945836e+00
2.4520000e+03   3.3137716e+00
2.4530000e+03   3.3767974e+00
2.4540000e+03   3.9816634e+00
2.4550000e+03   4.3178920e+00
2.4560000e+03   3.9636202e+00
2.4570000e+03   4.5323639e+00
2.4580000e+03   5.3147964e+00
2.4590000e+03   4.7295588e+00
2.4600000e+03   4.4629502e+00
2.4610000e+03   4.4722215e+00
2.4620000e+03   5.1413669e+00
2.4630000e+03   4.6388906e+00
2.4640000e+03   4.5705434e+00
2.4650000e+03   4.5122970e+00
2.4660000e+03   4.4690336e+00
2.4670000e+03   5.1806114e+00
2.4680000e+03   4.6577666e+00
2.4690000e+03   5.1725806e+00
2.4700000e+03   5.8024173e+00
2.4710000e+03   5.2166174e+00
2.4720000e+03   5.4541953e+00
2.4730000e+03   5.3927203e+00
2.4740000e+03   5.1028726e+00
2.4750000e+03   4.7623740e+00
2.4760000e+03   4.5677095e+00
2.4770000e+03   5.0183774e+00
2.4780000e+03   5.1912240e+00
2.4790000e+03   4.6562609e+00
2.4800000e+03   4.6421638e+00
2.4810000e+03   4.8169747e+00
2.4820000e+03   5.1708521e+00
2.4830000e+03   5.2006295e+00
2.4840000e+03   4.4092921e+00
2.4850000e+03   4.9226963e+00
2.4860000e+03   5.2994245e+00
2.4870000e+03   5.2344748e+00
2.4880000e+03   5.5288498e+00
2.4890000e+03   5.6930903e+00
2.4900000e+03   6.2625475e+00
2.4910000e+03   6.1908952e+00
2.4920000e+03   6.1720838e+00
2.4930000e+03   5.6699533e+00
2.4940000e+03   5.6977564e+00
2.4950000e+03   5.4512370e+00
2.4960000e+03   5.3423195e+00
2.4970000e+03   4.7926635e+00
2.4980000e+03   4.9936152e+00
2.4990000e+03   5.6626112e+00
2.5000000e+03   5.7835378e+00
2.5010000e+03   5.1485413e+00
2.5020000e+03   5.1190458e+00
2.5030000e+03   4.9699341e+00
2.5040000e+03   5.7812548e+00
2.5050000e+03   6.5378136e+00
2.5060000e+03   5.8000279e+00
2.5070000e+03   5.6139811e+00
2.5080000e+03   5.3424664e+00
2.5090000e+03   5.1114869e+00
2.5100000e+03   5.2446874e+00
2.5110000e+03   4.6277679e+00
2.5120000e+03   4.8815059e+00
2.5130000e+03   4.3201037e+00
2.5140000e+03   4.3845004e+00
2.5150000e+03   4.3325061e+00
2.5160000e+03   5.4119467e+00
2.5170000e+03   4.6861355e+00
2.5180000e+03   5.0412189e+00
2.5190000e+03   5.1232816e+00
2.5200000e+03   5.5234439e+00
2.5210000e+03   5.2333707e+00
2.5220000e+03   5.3458707e+00
2.5230000e+03   5.2980044e+00
2.5240000e+03   5.7310560e+00
2.5250000e+03   5.3136303e+00
2.5260000e+03   5.2533262e+00
2.5270000e+03   5.8356848e+00
2.5280000e+03   5.3107648e+00
2.5290000e+03   5.0217764e+00
2.5300000e+03   4.7907360e+00
2.5310000e+03   4.1403285e+00
2.5320000e+03   4.0640599e+00
2.5330000e+03   4.4078808e+00
2.5340000e+03   4.9409833e+00
2.5350000e+03   5.4068472e+00
2.5360000e+03   5.6641756e+00
2.5370000e+03   6.0865967e+00
2.5380000e+03   6.1623286e+00
2.5390000e+03   6.0537234e+00
2.5400000e+03   6.3290902e+00
2.5410000e+03   5.3710243e+00
2.5420000e+03   5.1687967e+00
2.5430000e+03   5.2899020e+00
2.5440000e+03   5.1422412e+00
2.5450000e+03   4.9328515e+00
2.5460000e+03   5.0075589e+00
2.5470000e+03   4.9070358e+00
2.5480000e+03   4.3066092e+00
2.5490000e+03   4.3303463e+00
2.5500000e+03   3.9921810e+00
2.5510000e+03   3.9743190e+00
2.5520000e+03   3.0976918e+00
2.5530000e+03   3.2785871e+00
2.5540000e+03   3.3951079e+00
2.5550000e+03   3.7191910e+00
2.5560000e+03   4.5882165e+00
2.5570000e+03   4.7844772e+00
2.5580000e+03   4.2833775e+00
2.5590000e+03   4.6522903e+00
2.5600000e+03   4.9881779e+00
2.5610000e+03   4.5909407e+00
2.5620000e+03   4.1840794e+00
2.5630000e+03   4.9321348e+00
2.5640000e+03   5.0142925e+00
2.5650000e+03   4.7978545e+00
2.5660000e+03   4.5738279e+00
2.5670000e+03   4.1538578e+00
2.5680000e+03   4.3975273e+00
2.5690000e+03   3.8911993e+00
2.5700000e+03   3.8076295e+00
2.5710000e+03   3.4024558e+00
2.5720000e+03   3.3987085e+00
2.5730000e+03   4.1106191e+00
2.5740000e+03   2.9559960e+00
2.5750000e+03   3.4684091e+00
2.5760000e+03   4.0549848e+00
2.5770000e+03   4.4033278e+00
2.5780000e+03   4.3981935e+00
2.5790000e+03   4.3518554e+00
2.5800000e+03   3.7967801e+00
2.5810000e+03   4.4955768e+00
2.5820000e+03   4.5515764e+00
2.5830000e+03   3.7755930e+00
2.5840000e+03   4.2110037e+00
2.5850000e+03   4.0934092e+00
2.5860000e+03   3.9973158e+00
2.5870000e+03   4.5449829e+00
2.5880000e+03   3.9907753e+00
2.5890000e+03   3.9596054e+00
2.5900000e+03   4.1371266e+00
2.5910000e+03   3.8983133e+00
2.5920000e+03   4.0177777e+00
2.5930000e+03   3.9901541e+00
2.5940000e+03   3.9879305e+00
2.5950000e+03   3.2856130e+00
2.5960000e+03   3.3562320e+00
2.5970000e+03   3.4694623e+00
2.5980000e+03   3.5230562e+00
2.5990000e+03   3.7649271e+00
2.6000000e+03   3.2831932e+00
2.6010000e+03   3.0525539e+00
2.6020000e+03   2.2697503e+00
2.6030000e+03   3.4489472e+00
2.6040000e+03   4.2718161e+00
2.6050000e+03   4.6529720e+00
2.6060000e+03   4.6490226e+00
2.6070000e+03   5.0679842e+00
2.6080000e+03   5.3754912e+00
2.6090000e+03   5.4052017e+00
2.6100000e+03   4.6581566e+00
2.6110000e+03   4.7385714e+00
2.6120000e+03   4.5720720e+00
2.6130000e+03   4.2473713e+00
2.6140000e+03   3.6581767e+00
2.6150000e+03   3.8220557e+00
2.6160000e+03   3.8654521e+00
2.6170000e+03   4.1938633e+00
2.6180000e+03   3.9727639e+00
2.6190000e+03   4.4692244e+00
2.6200000e+03   5.1175707e+00
2.6210000e+03   5.1811515e+00
2.6220000e+03   4.4211679e+00
2.6230000e+03   4.6634656e+00
2.6240000e+03   5.7969118e+00
2.6250000e+03   5.7553347e+00
2.6260000e+03   5.0727158e+00
2.6270000e+03   5.3489661e+00
2.6280000e+03   5.1283311e+00
2.6290000e+03   5.0731413e+00
2.6300000e+03   4.5211092e+00
2.6310000e+03   3.3489392e+00
2.6320000e+03   3.0251148e+00
2.6330000e+03   2.7943204e+00
2.6340000e+03   2.8377159e+00
2.6350000e+03   2.4451806e+00
2.6360000e+03   2.9978596e+00
2.6370000e+03   1.9471393e+00
2.6380000e+03   2.7208090e+00
2.6390000e+03   2.4729847e+00
2.6400000e+03   2.4836346e+00
2.6410000e+03   2.4868408e+00
2.6420000e+03   2.2280506e+00
2.6430000e+03   2.5203753e+00
2.6440000e+03   1.9295415e+00
2.6450000e+03   9.4735095e-01
2.6460000e+03   1.6690028e+00
2.6470000e+03   1.7688330e+00
2.6480000e+03   2.0839965e+00
2.6490000e+03   2.0457833e+00
2.6500000e+03   1.7730004e+00
2.6510000e+03   1.7525107e+00
2.6520000e+03   1.4769678e+00
2.6530000e+03   1.3466521e+00
2.6540000e+03   1.1625243e+00
2.6550000e+03   9.9422018e-01
2.6560000e+03   9.8758398e-01
2.6570000e+03   1.2755592e+00
2.6580000e+03   2.2248978e+00
2.6590000e+03   2.4468986e+00
2.6600000e+03   1.8436300e+00
2.6610000e+03   1.5608302e+00
2.6620000e+03   1.6568215e+00
2.6630000e+03   2.3285633e+00
2.6640000e+03   2.3158599e+00
2.6650000e+03   1.8602866e+00
2.6660000e+03   1.7098605e+00
2.6670000e+03   1.9658627e+00
2.6680000e+03   2.0515779e+00
2.6690000e+03   1.8887937e+00
2.6700000e+03   1.8766659e+00
2.6710000e+03   2.1219343e+00
2.6720000e+03   2.0748442e+00
2.6730000e+03   1.7317983e+00
2.6740000e+03   2.0036236e+00
2.6750000e+03   2.1216881e+00
2.6760000e+03   2.2543739e+00
2.6770000e+03   1.8390647e+00
2.6780000e+03   2.8491906e+00
2.6790000e+03   2.2468282e+00
2.6800000e+03   2.1230664e+00
2.6810000e+03   2.2519092e+00
2.6820000e+03   2.7901930e+00
2.6830000e+03   3.0363047e+00
2.6840000e+03   3.2158877e+00
2.6850000e+03   2.8964403e+00
2.6860000e+03   2.8041186e+00
2.6870000e+03   2.9588660e+00
2.6880000e+03   3.3589360e+00
2.6890000e+03   3.3435510e+00
2.6900000e+03   3.5475977e+00
2.6910000e+03   3.8714089e+00
2.6920000e+03   4.1138913e+00
2.6930000e+03   4.2635475e+00
2.6940000e+03   3.8173513e+00
2.6950000e+03   2.9808328e+00
2.6960000e+03   2.7974729e+00
2.6970000e+03   2.8176141e+00
2.6980000e+03   2.3159740e+00
2.6990000e+03   2.3784299e+00
2.7000000e+03   1.9162100e+00
2.7010000e+03   2.5725194e+00
2.7020000e+03   2.7218620e+00
2.7030000e+03   3.1898573e+00
2.7040000e+03   3.1263281e+00
2.7050000e+03   3.3994385e+00
2.7060000e+03   4.1358632e+00
2.7070000e+03   4.2929126e+00
2.7080000e+03   4.2882458e+00
2.7090000e+03   4.7188099e+00
2.7100000e+03   5.0377430e+00
2.7110000e+03   4.6384190e+00
2.7120000e+03   4.5091477e+00
2.7130000e+03   5.0730797e+00
2.7140000e+03   4.5576841e+00
2.7150000e+03   4.3586029e+00
2.7160000e+03   4.8657174e+00
2.7170000e+03   4.8857999e+00
2.7180000e+03   4.8702577e+00
2.7190000e+03   4.6625999e+00
2.7200000e+03   4.6884070e+00
2.7210000e+03   4.6940695e+00
2.7220000e+03   4.1770116e+00
2.7230000e+03   5.0246197e+00
2.7240000e+03   4.9747520e+00
2.7250000e+03   4.7266727e+00
2.7260000e+03   5.0948130e+00
2.7270000e+03   5.0736891e+00
2.7280000e+03   4.7248723e+00
2.7290000e+03   4.6458761e+00
2.7300000e+03   4.6281942e+00
2.7310000e+03   4.8501628e+00
2.7320000e+03   4.8056897e+00
2.7330000e+03   4.7324973e+00
2.7340000e+03   4.3653891e+00
2.7350000e+03   4.2152115e+00
2.7360000e+03   3.8775047e+00
2.7370000e+03   4.1757747e+00
2.7380000e+03   5.7268755e+00
2.7390000e+03   5.7442424e+00
2.7400000e+03   5.4119606e+00
2.7410000e+03   5.2825897e+00
2.7420000e+03   5.8685494e+00
2.7430000e+03   5.5006118e+00
2.7440000e+03   5.7010024e+00
2.7450000e+03   5.2951745e+00
2.7460000e+03   5.1414569e+00
2.7470000e+03   5.5322973e+00
2.7480000e+03   5.7052101e+00
2.7490000e+03   5.1380328e+00
2.7500000e+03   5.1274679e+00
2.7510000e+03   5.2211836e+00
2.7520000e+03   4.9770707e+00
2.7530000e+03   5.1371810e+00
2.7540000e+03   5.1407329e+00
2.7550000e+03   5.0092754e+00
2.7560000e+03   4.8502066e+00
2.7570000e+03   4.6684401e+00
2.7580000e+03   4.4723895e+00
2.7590000e+03   4.2734473e+00
2.7600000e+03   4.0844767e+00
2.7610000e+03   3.9176850e+00
2.7620000e+03   3.7824462e+00
2.7630000e+03   3.6836575e+00
2.7640000e+03   3.6210458e+00
2.7650000e+03   3.5895512e+00
2.7660000e+03   3.5806038e+00
2.7670000e+03   3.5838836e+00
2.7680000e+03   3.5890634e+00
2.7690000e+03   3.5871162e+00
2.7700000e+03   3.5709760e+00
2.7710000e+03   3.5355851e+00
2.7720000e+03   3.4775738e+00
2.7730000e+03   3.3948924e+00
2.7740000e+03   3.2866593e+00
2.7750000e+03   3.1533132e+00
2.7760000e+03   2.9969617e+00
2.7770000e+03   2.8216774e+00
2.7780000e+03   2.6334794e+00
2.7790000e+03   2.4398514e+00
2.7800000e+03   2.2488267e+00
2.7810000e+03   2.0678510e+00
2.7820000e+03   1.9027250e+00
2.7830000e+03   1.7569038e+00
2.7840000e+03   1.6313099e+00
2.7850000e+03   1.5246499e+00
2.7860000e+03   1.4340837e+00
2.7870000e+03   1.3560222e+00
2.7880000e+03   1.2868443e+00
2.7890000e+03   1.2233939e+00
2.7900000e+03   1.1632204e+00
2.7910000e+03   1.1046041e+00
2.7920000e+03   1.0464553e+00
2.7930000e+03   9.8818017e-01
2.7940000e+03   9.2957908e-01
2.7950000e+03   8.7080549e-01
2.7960000e+03   8.1237712e-01
2.7970000e+03   7.5520424e-01
2.7980000e+03   7.0058973e-01
2.7990000e+03   6.5015997e-01
2.8000000e+03   6.0570273e-01
2.8010000e+03   5.6891605e-01
2.8020000e+03   5.4110120e-01
2.8030000e+03   5.2285847e-01
2.8040000e+03   5.1385650e-01
2.8050000e+03   5.1274025e-01
2.8060000e+03   5.1721885e-01
2.8070000e+03   5.2433697e-01
2.8080000e+03   5.3089076e-01
2.8090000e+03   5.3391412e-01
2.8100000e+03   5.3114166e-01
2.8110000e+03   5.2135846e-01
2.8120000e+03   5.0457284e-01
2.8130000e+03   4.8198989e-01
2.8140000e+03   4.5580942e-01
2.8150000e+03   4.2890840e-01
2.8160000e+03   4.0448670e-01
2.8170000e+03   3.8575148e-01
2.8180000e+03   3.7569412e-01
2.8190000e+03   6.2324252e-01
2.8200000e+03   1.1277809e+00
2.8210000e+03   9.6684981e-01
2.8220000e+03   1.8355616e+00
2.8230000e+03   2.4968707e+00
2.8240000e+03   2.8817487e+00
2.8250000e+03   3.0380825e+00
2.8260000e+03   4.0710626e+00
2.8270000e+03   3.9655370e+00
2.8280000e+03   4.4061764e+00
2.8290000e+03   4.6675660e+00
2.8300000e+03   5.1184974e+00
2.8310000e+03   4.6707293e+00
2.8320000e+03   4.5316281e+00
2.8330000e+03   4.7784680e+00
2.8340000e+03   5.5565910e+00
2.8350000e+03   5.3575650e+00
2.8360000e+03   4.6267753e+00
2.8370000e+03   5.7102940e+00
2.8380000e+03   5.5054207e+00
2.8390000e+03   6.1734801e+00
2.8400000e+03   5.7085170e+00
2.8410000e+03   6.1817641e+00
2.8420000e+03   6.1153197e+00
2.8430000e+03   5.9135327e+00
2.8440000e+03   6.2224743e+00
2.8450000e+03   5.8440479e+00
2.8460000e+03   5.7015879e+00
2.8470000e+03   5.7264385e+00
2.8480000e+03   5.4452177e+00
2.8490000e+03   5.8852169e+00
2.8500000e+03   6.0899652e+00
2.8510000e+03   6.0546910e+00
2.8520000e+03   5.6955238e+00
2.8530000e+03   5.1423617e+00
2.8540000e+03   5.5900092e+00
2.8550000e+03   4.8894744e+00
2.8560000e+03   4.8378888e+00
2.8570000e+03   4.8064859e+00
2.8580000e+03   5.2552609e+00
2.8590000e+03   4.8299692e+00
2.8600000e+03   3.9659368e+00
2.8610000e+03   4.5086183e+00
2.8620000e+03   4.5308066e+00
2.8630000e+03   4.4110029e+00
2.8640000e+03   4.3150159e+00
2.8650000e+03   4.7076209e+00
2.8660000e+03   4.9459732e+00
2.8670000e+03   4.7320585e+00
2.8680000e+03   4.6895463e+00
2.8690000e+03   4.6976486e+00
2.8700000e+03   5.2627259e+00
2.8710000e+03   5.0237851e+00
2.8720000e+03   5.1410523e+00
2.8730000e+03   4.5534498e+00
2.8740000e+03   4.3824008e+00
2.8750000e+03   4.6380157e+00
2.8760000e+03   4.2341515e+00
2.8770000e+03   4.2276395e+00
2.8780000e+03   4.1118744e+00
2.8790000e+03   3.5373052e+00
2.8800000e+03   3.7232891e+00
2.8810000e+03   4.2478647e+00
2.8820000e+03   4.0164578e+00
2.8830000e+03   3.9497625e+00
2.8840000e+03   3.7528990e+00
2.8850000e+03   3.7690146e+00
2.8860000e+03   3.8339111e+00
2.8870000e+03   3.5875366e+00
2.8880000e+03   3.4940620e+00
2.8890000e+03   3.5702425e+00
2.8900000e+03   3.9241595e+00
2.8910000e+03   4.0826814e+00
2.8920000e+03   3.5548430e+00
2.8930000e+03   3.6193710e+00
2.8940000e+03   3.5771217e+00
2.8950000e+03   3.2362812e+00
2.8960000e+03   2.9521347e+00
2.8970000e+03   3.0676239e+00
2.8980000e+03   3.0215947e+00
2.8990000e+03   2.3861347e+00
2.9000000e+03   2.1742347e+00
2.9010000e+03   1.8462175e+00
2.9020000e+03   1.8666404e+00
2.9030000e+03   1.9473717e+00
2.9040000e+03   2.2102890e+00
2.9050000e+03   2.2401051e+00
2.9060000e+03   2.1253070e+00
2.9070000e+03   2.5735757e+00
2.9080000e+03   2.4397326e+00
2.9090000e+03   2.1234250e+00
2.9100000e+03   2.1440424e+00
2.9110000e+03   2.1256100e+00
2.9120000e+03   1.9457166e+00
2.9130000e+03   2.1527826e+00
2.9140000e+03   1.9955487e+00
2.9150000e+03   1.8450996e+00
2.9160000e+03   2.3427851e+00
2.9170000e+03   2.8130843e+00
2.9180000e+03   2.2575935e+00
2.9190000e+03   2.0257734e+00
2.9200000e+03   2.0584467e+00
2.9210000e+03   2.3462280e+00
2.9220000e+03   2.6188685e+00
2.9230000e+03   3.2948142e+00
2.9240000e+03   4.0655557e+00
2.9250000e+03   4.0279553e+00
2.9260000e+03   3.9189559e+00
2.9270000e+03   4.3728029e+00
2.9280000e+03   4.7953144e+00
2.9290000e+03   4.7156996e+00
2.9300000e+03   4.1347835e+00
2.9310000e+03   3.9531719e+00
2.9320000e+03   3.3132213e+00
2.9330000e+03   3.7723458e+00
2.9340000e+03   3.7469723e+00
2.9350000e+03   4.2005803e+00
2.9360000e+03   4.2193568e+00
2.9370000e+03   4.0140919e+00
2.9380000e+03   4.2401913e+00
2.9390000e+03   3.8346696e+00
2.9400000e+03   3.7036488e+00
2.9410000e+03   3.4552233e+00
2.9420000e+03   3.4349539e+00
2.9430000e+03   3.3032908e+00
2.9440000e+03   4.5616036e+00
2.9450000e+03   4.3714792e+00
2.9460000e+03   4.3402550e+00
2.9470000e+03   4.4834093e+00
2.9480000e+03   4.4600239e+00
2.9490000e+03   4.3255668e+00
2.9500000e+03   4.1006815e+00
2.9510000e+03   3.8418850e+00
2.9520000e+03   3.8430483e+00
2.9530000e+03   3.9880160e+00
2.9540000e+03   3.6517928e+00
2.9550000e+03   3.4466663e+00
2.9560000e+03   3.2047408e+00
2.9570000e+03   3.1396602e+00
2.9580000e+03   3.1285692e+00
2.9590000e+03   2.7078376e+00
2.9600000e+03   3.2704433e+00
2.9610000e+03   3.9468886e+00
2.9620000e+03   3.6253749e+00
2.9630000e+03   4.0234163e+00
2.9640000e+03   3.9550343e+00
2.9650000e+03   3.7775694e+00
2.9660000e+03   4.2421456e+00
2.9670000e+03   3.6054117e+00
2.9680000e+03   3.5999474e+00
2.9690000e+03   3.2278262e+00
2.9700000e+03   3.7675077e+00
2.9710000e+03   4.3083227e+00
2.9720000e+03   3.1889981e+00
2.9730000e+03   3.4717118e+00
2.9740000e+03   2.9274628e+00
2.9750000e+03   2.5622034e+00
2.9760000e+03   2.5386415e+00
2.9770000e+03   3.2504929e+00
2.9780000e+03   3.3651372e+00
2.9790000e+03   3.4885718e+00
2.9800000e+03   4.1509358e+00
2.9810000e+03   4.2424183e+00
2.9820000e+03   4.2217721e+00
2.9830000e+03   4.1271679e+00
2.9840000e+03   4.3833599e+00
2.9850000e+03   4.2433427e+00
2.9860000e+03   3.5018205e+00
2.9870000e+03   3.3331125e+00
2.9880000e+03   2.7735392e+00
2.9890000e+03   2.3872136e+00
2.9900000e+03   1.7191229e+00
2.9910000e+03   8.0862332e-01
2.9920000e+03   8.0883631e-01
2.9930000e+03   7.8649185e-01
2.9940000e+03   6.3350583e-01
2.9950000e+03   4.5156076e-01
2.9960000e+03   1.2897457e+00
2.9970000e+03   1.8126486e+00
2.9980000e+03   2.4543368e+00
2.9990000e+03   2.6128966e+00
3.0000000e+03   2.4709595e+00
3.0010000e+03   3.3620420e+00
3.0020000e+03   3.7100035e+00
3.0030000e+03   2.9740145e+00
3.0040000e+03   2.7239953e+00
3.0050000e+03   2.0622994e+00
3.0060000e+03   1.0779351e+00
3.0070000e+03   1.6481159e-01
3.0080000e+03   5.9151138e-04
3.0090000e+03   2.6753755e-01
3.0100000e+03   4.1946679e-01
3.0110000e+03   1.1795941e-02
3.0120000e+03   1.9714366e-02
3.0130000e+03   7.2756435e-05
3.0140000e+03   5.1360822e-06
3.0150000e+03   3.2851195e-24
3.0160000e+03   1.9949359e-11
3.0170000e+03   3.1558071e-02
3.0180000e+03   7.2264907e-01
3.0190000e+03   3.6948818e-01
3.0200000e+03   2.0625545e-01
3.0210000e+03   6.3835134e-02
3.0220000e+03   2.4356386e-01
3.0230000e+03   7.5854113e-02
3.0240000e+03   1.0333890e-03
3.0250000e+03   2.9430622e-13
3.0260000e+03   4.8564939e-12
3.0270000e+03   1.9753531e-02
3.0280000e+03   5.3849549e-01
3.0290000e+03   1.0862632e+00
3.0300000e+03   5.4449898e-01
3.0310000e+03   3.6080912e-01
3.0320000e+03   1.0186799e+00
3.0330000e+03   1.7000205e+00
3.0340000e+03   1.2540344e+00
3.0350000e+03   8.9419714e-01
3.0360000e+03   7.7495620e-01
3.0370000e+03   6.5152496e-01
3.0380000e+03   3.9859167e-01
3.0390000e+03   8.0932650e-05
3.0400000e+03   7.7045823e-01
3.0410000e+03   8.9031064e-01
3.0420000e+03   8.5212502e-01
3.0430000e+03   9.2002948e-01
3.0440000e+03   9.8319385e-01
3.0450000e+03   7.3279979e-01
3.0460000e+03   6.6250118e-01
3.0470000e+03   9.2108249e-01
3.0480000e+03   8.2353757e-01
3.0490000e+03   7.3052600e-01
3.0500000e+03   8.2238538e-01
3.0510000e+03   4.3568924e-01
3.0520000e+03   8.1631558e-01
3.0530000e+03   1.1247782e-01
3.0540000e+03   3.7458395e-02
3.0550000e+03   2.5949078e-01
3.0560000e+03   4.9948924e-01
3.0570000e+03   8.5763380e-01
3.0580000e+03   1.1967491e+00
3.0590000e+03   1.3162135e+00
3.0600000e+03   6.3169574e-01
3.0610000e+03   4.3950693e-01
3.0620000e+03   1.6216671e+00
3.0630000e+03   1.5958217e+00
3.0640000e+03   8.7026804e-01
3.0650000e+03   1.5158245e+00
3.0660000e+03   1.9428182e+00
3.0670000e+03   1.4613388e+00
3.0680000e+03   5.5101349e-01
3.0690000e+03   3.4773394e-01
3.0700000e+03   5.0357800e-01
3.0710000e+03   8.0859484e-01
3.0720000e+03   1.2773157e+00
3.0730000e+03   1.3196466e+00
3.0740000e+03   1.4960550e+00
3.0750000e+03   1.6257993e+00
3.0760000e+03   1.6955220e+00
3.0770000e+03   2.0434262e+00
3.0780000e+03   2.2008436e+00
3.0790000e+03   9.7653923e-01
3.0800000e+03   9.8149061e-01
3.0810000e+03   8.4752262e-01
3.0820000e+03   2.0991618e-03
3.0830000e+03   1.3281510e-21
3.0840000e+03   5.8172186e-58
3.0850000e+03  1.7590985e-112
3.0860000e+03  3.6555636e-185
3.0870000e+03  5.1897497e-276
3.0880000e+03   0.0000000e+00
