#CIV fit
#listed by object number. Excluded regions are delimited by pairs
    0.0     0.0     0.0     0.0     0.0     0.0 
    0.0     0.0     0.0     0.0     0.0     0.0
 1497.0  1491.0  1532.0  1534.0  1545.0  1549.0
 1534.0  1537.0  1538.5  1540.0  1550.0  1557.0
 1483.0  1491.0  1527.5  1528.5  1544.0  1546.5
 1546.4  1547.1  1522.0  1500.0  1546.5  1547.5
 1534.0  1536.5  1538.6  1540.0  1549.0  1557.0
 1496.0  1528.0  1529.0  1534.0  1539.0  1552.0
 1541.0  1560.0     0.0     0.0     0.0     0.0
    0.0     0.0     0.0     0.0     0.0     0.0
 1527.0  1530.0  1534.0  1547.0     0.0     0.0
 1536.0  1552.0     0.0     0.0     0.0     0.0
    0.0     0.0     0.0     0.0     0.0     0.0
    0.0     0.0     0.0     0.0     0.0     0.0
    0.0     0.0     0.0     0.0     0.0     0.0
 1524.0  1539.0  1547.0  1553.0     0.0     0.0
    0.0     0.0     0.0     0.0     0.0     0.0 
1515.0  1517.0  1519.5  1521.5  1539.5  1546.0
    0.0     0.0     0.0     0.0     0.0     0.0
    0.0     0.0     0.0     0.0     0.0     0.0
    0.0     0.0     0.0     0.0     0.0     0.0
    0.0     0.0     0.0     0.0     0.0     0.0
 1508.0  1516.0     0.0     0.0     0.0     0.0
    0.0     0.0     0.0     0.0     0.0     0.0
    0.0     0.0     0.0     0.0     0.0     0.0
