#SiIV fit
#listed by object number. Excluded regions are delimited by pairs
1366.0 1371.8 1378.0 1384.0 1407.9 1483.0    0.0    0.0
1397.6 1399.1 1400.8 1404.2 1403.5 1409.3 1421.0 1426.5
1363.2 1369.0 1417.5 1419.0    0.0    0.0    0.0    0.0
1403.5 1409.3 1411.4 1416.0 1444.5 1452.0    0.0    0.0
   0.0    0.0    0.0    0.0    0.0    0.0    0.0    0.0
1394.5 1401.5 1407.5 1413.5    0.0    0.0    0.0    0.0
1352.0 1358.0 1361.5 1367.0 1439.0 1446.0    0.0    0.0
   0.0    0.0    0.0    0.0    0.0    0.0    0.0    0.0
1375.2 1381.2 1382.2 1385.3 1386.0 1391.3 1441.7 1448.4 
1399.0 1405.2 1408.7 1415.1 1426.2 1432.0 1437.0 1441.0 
1661.2 1367.4 1371.5 1375.2 1386.2 1399.0 1400.0 1404.2
1388.2 1390.8 1394.0 1399.1 1403.7 1406.6 1439.0 1443.2
1333.0 1336.0 1390.5 1394.5 1400.0 1403.5 1460.0 1465.0
1423.0 1429.0    0.0    0.0    0.0    0.0    0.0    0.0
   0.0    0.0    0.0    0.0    0.0    0.0    0.0    0.0
1419.0 1420.5 1428.5 1433.0    0.0    0.0    0.0    0.0
1386.0 1394.9 1395.7 1425.2 1423.0 1441.1    0.0    0.0
1408.0 1413.0    0.0    0.0    0.0    0.0    0.0    0.0
1380.5 1384.5 1389.0 1391.5 1418.0 1425.0 1437.0 1450.0
1361.8 1367.1 1389.0 1394.5 1398.0 1405.1    0.0    0.0
1378.0 1381.0 1397.0 1404.2    0.0    0.0    0.0    0.0
   0.0    0.0    0.0    0.0    0.0    0.0    0.0    0.0
1401.0 1417.2 1430.0 1434.0    0.0    0.0    0.0    0.0
   0.0    0.0    0.0    0.0    0.0    0.0    0.0    0.0
1343.5 1348.5 1352.0 1357.0 1408.0 1410.0 1414.9 1418.4
1393.5 1398.6 1414.7 1421.3 1426.4 1430.4    0.0    0.0
   0.0    0.0    0.0    0.0    0.0    0.0    0.0    0.0
1374.0 1382.0 1399.0 1408.0    0.0    0.0    0.0    0.0
1382.0 1384.0 1444.0 1447.0    0.0    0.0    0.0    0.0
1375.0 1384.5 1428.0 1434.0    0.0    0.0    0.0    0.0










