#mgII fit
#listed by object number. Excluded regions are delimited by pairs
#2390 2490 2630.0 2690.0  2730.0  2870.0 1 
2310.0 2348.0 2412.0 2490 2660.0 2690.0  2770.0  2840.0   0.0     0.0  
2310.0 2348.0 2412.0 2490 2660.0 2690.0  2770.0  2840.0   0.0     0.0
2310.0 2348.0 2412.0 2490 2660.0 2690.0  2770.0  2840.0   0.0     0.0
2310.0 2348.0 2412.0 2490 2660.0 2690.0  2770.0  2840.0   0.0     0.0
2310.0 2348.0 2412.0 2490 2660.0 2690.0  2770.0  2840.0   0.0     0.0
2310.0 2348.0 2412.0 2490 2660.0 2690.0  2770.0  2840.0   0.0     0.0 
2310.0 2348.0 2412.0 2490 2660.0 2690.0  2770.0  2840.0   0.0     0.0  
2310.0 2348.0 2412.0 2490 2660.0 2690.0  2770.0  2840.0   0.0     0.0
2310.0 2348.0 2412.0 2490 2660.0 2690.0  2770.0  2840.0   0.0     0.0
2310.0 2348.0 2412.0 2490 2660.0 2690.0  2770.0  2840.0   0.0     0.0
2310.0 2348.0 2412.0 2490 2660.0 2690.0  2770.0  2840.0   0.0     0.0
2310.0 2348.0 2412.0 2490 2660.0 2690.0  2770.0  2840.0   0.0     0.0
2310.0 2348.0 2412.0 2490 2660.0 2690.0  2770.0  2840.0   0.0     0.0  
2310.0 2348.0 2412.0 2490 2660.0 2690.0  2770.0  2840.0   0.0     0.0
2310.0 2348.0 2412.0 2490 2660.0 2690.0  2770.0  2840.0   0.0     0.0
2310.0 2348.0 2412.0 2490 2660.0 2690.0  2770.0  2840.0   0.0     0.0
2310.0 2348.0 2412.0 2490 2660.0 2690.0  2770.0  2840.0   0.0     0.0
2310.0 2348.0 2412.0 2490 2660.0 2690.0  2770.0  2840.0   0.0     0.0
2310.0 2348.0 2412.0 2490 2660.0 2690.0  2770.0  2840.0   0.0     0.0  
2310.0 2348.0 2412.0 2490 2660.0 2690.0  2770.0  2840.0   0.0     0.0
2310.0 2348.0 2412.0 2490 2660.0 2690.0  2770.0  2840.0   0.0     0.0
2310.0 2348.0 2412.0 2490 2660.0 2690.0  2770.0  2840.0   0.0     0.0
2310.0 2348.0 2412.0 2490 2660.0 2690.0  2770.0  2840.0   0.0     0.0
2310.0 2348.0 2412.0 2490 2660.0 2690.0  2770.0  2840.0   0.0     0.0
2310.0 2348.0 2412.0 2490 2660.0 2690.0  2770.0  2840.0   0.0     0.0
2310.0 2348.0 2412.0 2490 2660.0 2690.0  2770.0  2840.0   0.0     0.0
2310.0 2348.0 2412.0 2490 2660.0 2690.0  2770.0  2840.0   0.0     0.0
2310.0 2348.0 2412.0 2490 2660.0 2690.0  2770.0  2840.0   0.0     0.0
2310.0 2348.0 2412.0 2490 2660.0 2690.0  2770.0  2840.0   0.0     0.0
2310.0 2348.0 2412.0 2490 2660.0 2690.0  2770.0  2840.0   0.0     0.0

