#mgII fit
#listed by object number. Excluded regions are delimited by pairs
4050.0 4152.0 4285.0 4412.0 4668.0 4696.0
4050.0 4152.0 4285.0 4412.0 4668.0 4696.0
4050.0 4152.0 4285.0 4412.0 4668.0 4696.0
4050.0 4152.0 4285.0 4412.0 4668.0 4696.0
4050.0 4152.0 4285.0 4412.0 4668.0 4696.0
4050.0 4152.0 4285.0 4412.0 4668.0 4696.0
4050.0 4152.0 4285.0 4412.0 4668.0 4696.0
4050.0 4152.0 4285.0 4412.0 4668.0 4696.0
4050.0 4152.0 4285.0 4412.0 4668.0 4696.0
4050.0 4152.0 4285.0 4412.0 4668.0 4696.0
4050.0 4152.0 4285.0 4412.0 4668.0 4696.0
4050.0 4152.0 4285.0 4412.0 4668.0 4696.0
4050.0 4152.0 4285.0 4412.0 4668.0 4696.0
4050.0 4152.0 4285.0 4412.0 4668.0 4696.0
4050.0 4152.0 4285.0 4412.0 4668.0 4696.0
4050.0 4152.0 4285.0 4412.0 4668.0 4696.0
4050.0 4152.0 4285.0 4412.0 4668.0 4696.0
4050.0 4152.0 4285.0 4412.0 4668.0 4696.0
4050.0 4152.0 4285.0 4412.0 4668.0 4696.0
4050.0 4152.0 4285.0 4412.0 4668.0 4696.0
4050.0 4152.0 4285.0 4412.0 4668.0 4696.0
4050.0 4152.0 4285.0 4412.0 4668.0 4696.0
4050.0 4152.0 4285.0 4412.0 4668.0 4696.0
4050.0 4152.0 4285.0 4412.0 4668.0 4696.0
4050.0 4152.0 4285.0 4412.0 4668.0 4696.0
4050.0 4152.0 4285.0 4412.0 4668.0 4696.0
4050.0 4152.0 4285.0 4412.0 4668.0 4696.0
4050.0 4152.0 4285.0 4412.0 4668.0 4696.0
4050.0 4152.0 4285.0 4412.0 4668.0 4696.0
4050.0 4152.0 4285.0 4412.0 4668.0 4696.0
    
