#CIV
#listed by object number. Excluded regions are delimited by pairs. number of cols should be even
1400.0 1483.0 1519.8 1530.7 1563.8 1568.8 1570.5 1574.5 1975.5 1981.5 2007.0 2014.0    0.0    0.0    0.0    0.0    0.0    0.0
1475.0 1481.0 1493.0 1499.0 1505.4 1513.5 1532.2 1542.4 1548.6 1559.0 1596.7 1606.7 1703.1 1705.3    0.0    0.0    0.0    0.0
1504.0 1506.5 1700.5 1703.5    0.0    0.0    0.0    0.0    0.0    0.0    0.0    0.0    0.0    0.0    0.0    0.0    0.0    0.0
1483.0 1495.0 1527.5 1529.5 1530.1 1531.5 1544.0 1546.3    0.0    0.0    0.0    0.0    0.0    0.0    0.0    0.0    0.0    0.0
   0.0     0.0   0.0    0.0    0.0    0.0    0.0    0.0    0.0    0.0    0.0    0.0    0.0    0.0    0.0    0.0    0.0    0.0
1529.5 1530.7 1542.2 1544.5 1651.5 1653.5 1655.5 1657.5    0.0    0.0    0.0    0.0    0.0    0.0    0.0    0.0    0.0    0.0
1439.0 1446.0 1513.5 1518.5 1532.0 1534.5 1689.0 1693.0    0.0    0.0    0.0    0.0    0.0    0.0    0.0    0.0    0.0    0.0
1535.2 1548.5    0.0    0.0    0.0    0.0    0.0    0.0    0.0    0.0    0.0    0.0    0.0    0.0    0.0    0.0    0.0    0.0
1466.0 1477.0 1505.0 1508.0 1513.5 1524.0 1627.0 1635.0 1714.0 1716.5    0.0    0.0    0.0    0.0    0.0    0.0    0.0    0.0
1460.0 1470.0 1516.0 1531.0 1549.5 1554.3 1983.0 1986.0    0.0    0.0    0.0    0.0    0.0    0.0    0.0    0.0    0.0    0.0
1441.0 1444.0 1495.0 1552.7    0.0    0.0    0.0    0.0    0.0    0.0    0.0    0.0    0.0    0.0    0.0    0.0    0.0    0.0
1439.0 1443.2 1540.7 1543.8 1544.7 1546.9 1549.4 1558.7    0.0    0.0    0.0    0.0    0.0    0.0    0.0    0.0    0.0    0.0
1461.0 1466.0 1525.0 1527.0 1528.5 1530.0 1532.0 1534.0 1546.0 1554.0 1853.0 1854.5 1861.0 1863.0 1899.9 1902.0 1904.0 1906.0
1436.0 1454.5 1459.0 1516.0 1585.0 1587.0 1862.4 1865.0 1893.5 1895.5 2000.0 2005.0    0.0    0.0    0.0    0.0    0.0    0.0
1461.0 1470.0    0.0    0.0    0.0    0.0    0.0    0.0    0.0    0.0    0.0    0.0    0.0    0.0    0.0    0.0    0.0    0.0
1511.5 1514.0 1581.0 1585.0 1588.0 1590.0 1595.5 1599.0 1733.0 1735.0 1863.0 1871.5    0.0    0.0    0.0    0.0    0.0    0.0
1519.0 1521.5 1539.5 1546.5    0.0    0.0    0.0    0.0    0.0    0.0    0.0    0.0    0.0    0.0    0.0    0.0    0.0    0.0
1482.0 1492.0    0.0    0.0    0.0    0.0    0.0    0.0    0.0    0.0    0.0    0.0    0.0    0.0    0.0    0.0    0.0    0.0
1490.0 1504.0 1524.0 1527.0 1541.0 1544.0 1553.0 1557.0 1694.0 1701.0 1724.0 1735.0 1841.0 1845.5 1851.5 1854.4 1990.0 2000.0
1534.0 1553.0 1989.0 1992.0    0.0    0.0    0.0    0.0    0.0    0.0    0.0    0.0    0.0    0.0    0.0    0.0    0.0    0.0
1508.0 1518.0 1674.5 1677.5 1680.0 1685.0 1979.0 1990.0    0.0    0.0    0.0    0.0    0.0    0.0    0.0    0.0    0.0    0.0
1455.0 1461.5 1567.0 1576.0 1646.0 1650.0 1672.0 1676.0 1825.0 1829.0 1871.0 1874.0 1895.0 1897.5 1902.0 1904.5 1963.0 1973.0
   0.0    0.0    0.0    0.0    0.0    0.0    0.0    0.0    0.0    0.0    0.0    0.0    0.0    0.0    0.0    0.0    0.0    0.0
1583.5 1586.0 1743.5 1748.9 1831.0 1835.0 1858.0 1862.2 1946.4 1948.8    0.0    0.0    0.0    0.0    0.0    0.0    0.0    0.0
1493.0 1501.0 1448.7 1550.7 1551.9 1553.4 1780.2 1783.5 1808.7 1813.3 1964.3 1967.0 1974.8 1977.9    0.0    0.0    0.0    0.0
1534.0 1536.1 1538.0 1541.0 1548.0 1556.5 1564.0 1567.5 1590.5 1592.5 1638.0 1639.5 1726.2 1728.5 1736.0 1739.0 1863.0 1877.0
1462.0 1470.0 1540.0 1542.5    0.0    0.0    0.0    0.0    0.0    0.0    0.0    0.0    0.0    0.0    0.0    0.0    0.0    0.0
1497.0 1507.0 1525.0 1540.0 1547.0 1553.0 1917.0 1927.0    0.0    0.0    0.0    0.0    0.0    0.0    0.0    0.0    0.0    0.0
1476.0 1488.0 1505.0 1523.5 1574.0 1580.0 1607.5 1610.5    0.0    0.0    0.0    0.0    0.0    0.0    0.0    0.0    0.0    0.0
1508.0 1518.0 1540.0 1546.5 1553.0 1560.5 1578.5 1582.0    0.0    0.0    0.0    0.0    0.0    0.0    0.0    0.0    0.0    0.0
