   2.4177950e+11   1.2399728e+07   2.9684374e+25
   2.4419729e+13   1.2276958e+05   2.3264323e+29
   4.8597679e+13   6.1690189e+04   7.0140262e+29
   7.2775629e+13   4.1195110e+04   1.1946686e+30
   9.6953578e+13   3.0922015e+04   1.6177094e+30
   1.2113153e+14   2.4749956e+04   1.9462691e+30
   1.4530948e+14   2.0631827e+04   2.1894600e+30
   1.6948743e+14   1.7688628e+04   2.3668974e+30
   1.9366538e+14   1.5480310e+04   2.4977052e+30
   2.1784333e+14   1.3762184e+04   2.5967787e+30
   2.4202128e+14   1.2387341e+04   2.6745054e+30
   2.6619923e+14   1.1262242e+04   2.7376932e+30
   2.9037718e+14   1.0324503e+04   2.7906582e+30
   3.1455513e+14   9.5309208e+03   2.8361055e+30
   3.3873308e+14   8.8506267e+03   2.8757435e+30
   3.6291103e+14   8.2609780e+03   2.9106787e+30
   3.8708897e+14   7.7449894e+03   2.9416563e+30
   4.1126692e+14   7.2896696e+03   2.9692041e+30
   4.3544487e+14   6.8849128e+03   2.9937151e+30
   4.5962282e+14   6.5227396e+03   3.0154963e+30
   4.8380077e+14   6.1967656e+03   3.0347974e+30
   5.0797872e+14   5.9018220e+03   3.0518273e+30
   5.3215667e+14   5.6336792e+03   3.0667651e+30
   5.5633462e+14   5.3888431e+03   3.0797666e+30
   5.8051257e+14   5.1644015e+03   3.0909693e+30
   6.0469052e+14   4.9579080e+03   3.1004955e+30
   6.2886847e+14   4.7672926e+03   3.1084545e+30
   6.5304642e+14   4.5907916e+03   3.1149452e+30
   6.7722437e+14   4.4268933e+03   3.1200570e+30
   7.0140232e+14   4.2742944e+03   3.1238713e+30
   7.2558027e+14   4.1318654e+03   3.1264627e+30
   7.4975822e+14   3.9986224e+03   3.1278995e+30
   7.7393617e+14   3.8737045e+03   3.1282446e+30
   7.9811412e+14   3.7563550e+03   3.1275561e+30
   8.2229207e+14   3.6459065e+03   3.1258880e+30
   8.4647002e+14   3.5417675e+03   3.1232903e+30
   8.7064797e+14   3.4434124e+03   3.1198097e+30
   8.9482592e+14   3.3503723e+03   3.1154899e+30
   9.1900387e+14   3.2622278e+03   3.1103716e+30
   9.4318182e+14   3.1786024e+03   3.1044934e+30
   9.6735977e+14   3.0991572e+03   3.0978911e+30
   9.9153772e+14   3.0235864e+03   3.0905989e+30
   1.0157157e+15   2.9516134e+03   3.0826488e+30
   1.0398936e+15   2.8829872e+03   3.0740713e+30
   1.0640716e+15   2.8174797e+03   3.0648951e+30
   1.0882495e+15   2.7548829e+03   3.0551475e+30
   1.1124275e+15   2.6950072e+03   3.0448546e+30
   1.1366054e+15   2.6376788e+03   3.0340409e+30
   1.1607834e+15   2.5827386e+03   3.0227302e+30
   1.1849613e+15   2.5300404e+03   3.0109448e+30
   1.2091393e+15   2.4794497e+03   2.9987062e+30
   1.2333172e+15   2.4308426e+03   2.9860350e+30
   1.2574952e+15   2.3841046e+03   2.9729509e+30
   1.2816731e+15   2.3391300e+03   2.9594726e+30
   1.3058511e+15   2.2958208e+03   2.9456182e+30
   1.3300290e+15   2.2540862e+03   2.9314051e+30
   1.3542070e+15   2.2138418e+03   2.9168499e+30
   1.3783849e+15   2.1750093e+03   2.9019686e+30
   1.4025629e+15   2.1375156e+03   2.8867768e+30
   1.4267408e+15   2.1012927e+03   2.8712891e+30
   1.4509188e+15   2.0662770e+03   2.8555198e+30
   1.4750967e+15   2.0324091e+03   2.8394828e+30
   1.4992747e+15   1.9996336e+03   2.8231914e+30
   1.5234526e+15   1.9678984e+03   2.8066583e+30
   1.5476306e+15   1.9371548e+03   2.7898958e+30
   1.5718085e+15   1.9073570e+03   2.7729161e+30
   1.5959865e+15   1.8784621e+03   2.7557306e+30
   1.6201644e+15   1.8504295e+03   2.7383504e+30
   1.6443424e+15   1.8232213e+03   2.7207863e+30
   1.6685203e+15   1.7968016e+03   2.7030489e+30
   1.6926983e+15   1.7711367e+03   2.6851481e+30
   1.7168762e+15   1.7461946e+03   2.6670938e+30
   1.7410542e+15   1.7219453e+03   2.6488953e+30
   1.7652321e+15   1.6983602e+03   2.6305620e+30
   1.7894101e+15   1.6754125e+03   2.6121025e+30
   1.8135880e+15   1.6530767e+03   2.5935257e+30
   1.8377660e+15   1.6313285e+03   2.5748396e+30
   1.8619439e+15   1.6101452e+03   2.5560526e+30
   1.8861219e+15   1.5895049e+03   2.5371722e+30
   1.9102998e+15   1.5693872e+03   2.5182063e+30
   1.9344778e+15   1.5497723e+03   2.4991620e+30
   1.9586557e+15   1.5306416e+03   2.4800466e+30
   1.9828337e+15   1.5119776e+03   2.4608669e+30
   2.0070116e+15   1.4937632e+03   2.4416297e+30
   2.0311896e+15   1.4759824e+03   2.4223415e+30
   2.0553675e+15   1.4586199e+03   2.4030086e+30
   2.0795455e+15   1.4416612e+03   2.3836371e+30
   2.1037234e+15   1.4250923e+03   2.3642329e+30
   2.1279014e+15   1.4088999e+03   2.3448019e+30
   2.1520793e+15   1.3930713e+03   2.3253496e+30
   2.1762573e+15   1.3775945e+03   2.3058815e+30
   2.2004352e+15   1.3624578e+03   2.2864027e+30
   2.2246132e+15   1.3476500e+03   2.2669185e+30
   2.2487911e+15   1.3331607e+03   2.2474338e+30
   2.2729691e+15   1.3189797e+03   2.2279533e+30
   2.2971470e+15   1.3050971e+03   2.2084818e+30
   2.3213250e+15   1.2915038e+03   2.1890237e+30
   2.3455029e+15   1.2781907e+03   2.1695835e+30
   2.3696809e+15   1.2651493e+03   2.1501654e+30
   2.3938588e+15   1.2523713e+03   2.1307736e+30
   2.4180368e+15   1.2398488e+03   2.1114119e+30
   2.4422147e+15   1.2275743e+03   2.0920844e+30
   2.4663926e+15   1.2155404e+03   2.0727946e+30
   2.4905706e+15   1.2037402e+03   2.0535464e+30
   2.5147485e+15   1.1921669e+03   2.0343432e+30
   2.5389265e+15   1.1808140e+03   2.0151884e+30
   2.5631044e+15   1.1696753e+03   1.9960853e+30
   2.5872824e+15   1.1587448e+03   1.9770372e+30
   2.6114603e+15   1.1480167e+03   1.9580471e+30
   2.6356383e+15   1.1374854e+03   1.9391179e+30
   2.6598162e+15   1.1271455e+03   1.9202527e+30
   2.6839942e+15   1.1169920e+03   1.9014542e+30
   2.7081721e+15   1.1070197e+03   1.8827251e+30
   2.7323501e+15   1.0972240e+03   1.8640681e+30
   2.7565280e+15   1.0876000e+03   1.8454855e+30
   2.7807060e+15   1.0781435e+03   1.8269800e+30
   2.8048839e+15   1.0688499e+03   1.8085538e+30
   2.8290619e+15   1.0597152e+03   1.7902092e+30
   2.8532398e+15   1.0507354e+03   1.7719484e+30
   2.8774178e+15   1.0419064e+03   1.7537735e+30
   2.9015957e+15   1.0332246e+03   1.7356866e+30
   2.9257737e+15   1.0246862e+03   1.7176895e+30
   2.9499516e+15   1.0162878e+03   1.6997842e+30
   2.9741296e+15   1.0080260e+03   1.6819724e+30
   2.9983075e+15   9.9989743e+02   1.6642559e+30
   3.0224855e+15   9.9189889e+02   1.6466364e+30
   3.0466634e+15   9.8402730e+02   1.6291155e+30
   3.0708414e+15   9.7627966e+02   1.6116946e+30
   3.0950193e+15   9.6865307e+02   1.5943753e+30
   3.1191973e+15   9.6114472e+02   1.5771589e+30
   3.1433752e+15   9.5375187e+02   1.5600468e+30
   3.1675532e+15   9.4647187e+02   1.5430402e+30
   3.1917311e+15   9.3930217e+02   1.5261405e+30
   3.2159091e+15   9.3224028e+02   1.5093486e+30
   3.2400870e+15   9.2528378e+02   1.4926658e+30
   3.2642650e+15   9.1843034e+02   1.4760930e+30
   3.2884429e+15   9.1167767e+02   1.4596313e+30
   3.3126209e+15   9.0502357e+02   1.4432816e+30
   3.3367988e+15   8.9846591e+02   1.4270448e+30
   3.3609768e+15   8.9200259e+02   1.4109216e+30
   3.3851547e+15   8.8563160e+02   1.3949130e+30
   3.4093327e+15   8.7935097e+02   1.3790196e+30
   3.4335106e+15   8.7315879e+02   1.3632421e+30
   3.4576886e+15   8.6705321e+02   1.3475812e+30
   3.4818665e+15   8.6103243e+02   1.3320374e+30
   3.5060445e+15   8.5509468e+02   1.3166112e+30
   3.5302224e+15   8.4923827e+02   1.3013033e+30
   3.5544004e+15   8.4346153e+02   1.2861141e+30
   3.5785783e+15   8.3776285e+02   1.2710439e+30
   3.6027563e+15   8.3214066e+02   1.2560931e+30
   3.6269342e+15   8.2659343e+02   1.2412622e+30
   3.6511122e+15   8.2111966e+02   1.2265514e+30
   3.6752901e+15   8.1571791e+02   1.2119610e+30
   3.6994681e+15   8.1038677e+02   1.1974911e+30
   3.7236460e+15   8.0512486e+02   1.1831420e+30
   3.7478240e+15   7.9993084e+02   1.1689139e+30
   3.7720019e+15   7.9480341e+02   1.1548069e+30
   3.7961799e+15   7.8974129e+02   1.1408210e+30
   3.8203578e+15   7.8474324e+02   1.1269563e+30
   3.8445358e+15   7.7980806e+02   1.1132129e+30
   3.8687137e+15   7.7493457e+02   1.0995907e+30
   3.8928917e+15   7.7012161e+02   1.0860897e+30
   3.9170696e+15   7.6536806e+02   1.0727099e+30
   3.9412476e+15   7.6067284e+02   1.0594511e+30
   3.9654255e+15   7.5603488e+02   1.0463132e+30
   3.9896035e+15   7.5145312e+02   1.0332961e+30
   4.0137814e+15   7.4692657e+02   1.0203996e+30
   4.0379594e+15   7.4245422e+02   1.0076236e+30
   4.0621373e+15   7.3803512e+02   9.9496770e+29
   4.0863153e+15   7.3366830e+02   9.8243176e+29
   4.1104932e+15   7.2935286e+02   9.7001549e+29
   4.1346712e+15   7.2508789e+02   9.5771859e+29
   4.1588491e+15   7.2087251e+02   9.4554076e+29
   4.1830271e+15   7.1670586e+02   9.3348166e+29
   4.2072050e+15   7.1258709e+02   9.2154092e+29
   4.2313830e+15   7.0851540e+02   9.0971818e+29
   4.2555609e+15   7.0448997e+02   8.9801304e+29
   4.2797389e+15   7.0051003e+02   8.8642508e+29
   4.3039168e+15   6.9657480e+02   8.7495387e+29
   4.3280948e+15   6.9268354e+02   8.6359896e+29
   4.3522727e+15   6.8883551e+02   8.5235988e+29
   4.3764507e+15   6.8503000e+02   8.4123615e+29
   4.4006286e+15   6.8126630e+02   8.3022727e+29
   4.4248066e+15   6.7754374e+02   8.1933272e+29
   4.4489845e+15   6.7386164e+02   8.0855198e+29
   4.4731625e+15   6.7021934e+02   7.9788450e+29
   4.4973404e+15   6.6661620e+02   7.8732972e+29
   4.5215184e+15   6.6305160e+02   7.7688707e+29
   4.5456963e+15   6.5952492e+02   7.6655597e+29
   4.5698743e+15   6.5603555e+02   7.5633583e+29
   4.5940522e+15   6.5258292e+02   7.4622602e+29
   4.6182302e+15   6.4916643e+02   7.3622595e+29
   4.6424081e+15   6.4578553e+02   7.2633498e+29
   4.6665861e+15   6.4243967e+02   7.1655246e+29
   4.6907640e+15   6.3912829e+02   7.0687775e+29
   4.7149420e+15   6.3585088e+02   6.9731019e+29
   4.7391199e+15   6.3260691e+02   6.8784911e+29
   4.7632979e+15   6.2939587e+02   6.7849384e+29
   4.7874758e+15   6.2621726e+02   6.6924368e+29
   4.8116538e+15   6.2307060e+02   6.6009796e+29
   4.8358317e+15   6.1995540e+02   6.5105596e+29
   4.8600097e+15   6.1687120e+02   6.4211699e+29
   4.8841876e+15   6.1381753e+02   6.3328032e+29
   4.9083656e+15   6.1079395e+02   6.2454525e+29
   4.9325435e+15   6.0780001e+02   6.1591103e+29
   4.9567215e+15   6.0483528e+02   6.0737695e+29
   4.9808994e+15   6.0189933e+02   5.9894226e+29
   5.0050774e+15   5.9899174e+02   5.9060623e+29
   5.0292553e+15   5.9611211e+02   5.8236811e+29
   5.0534333e+15   5.9326004e+02   5.7422714e+29
   5.0776112e+15   5.9043512e+02   5.6618259e+29
   5.1017892e+15   5.8763698e+02   5.5823368e+29
   5.1259671e+15   5.8486524e+02   5.5037966e+29
   5.1501451e+15   5.8211952e+02   5.4261977e+29
   5.1743230e+15   5.7939947e+02   5.3495324e+29
   5.1985010e+15   5.7670471e+02   5.2737929e+29
   5.2226789e+15   5.7403491e+02   5.1989717e+29
   5.2468569e+15   5.7138971e+02   5.1250610e+29
   5.2710348e+15   5.6876877e+02   5.0520530e+29
   5.2952128e+15   5.6617177e+02   4.9799400e+29
   5.3193907e+15   5.6359838e+02   4.9087143e+29
   5.3435687e+15   5.6104828e+02   4.8383680e+29
   5.3677466e+15   5.5852115e+02   4.7688934e+29
   5.3919246e+15   5.5601668e+02   4.7002826e+29
   5.4161025e+15   5.5353457e+02   4.6325280e+29
   5.4402805e+15   5.5107453e+02   4.5656218e+29
   5.4644584e+15   5.4863626e+02   4.4995560e+29
   5.4886364e+15   5.4621946e+02   4.4343231e+29
   5.5128143e+15   5.4382387e+02   4.3699151e+29
   5.5369923e+15   5.4144919e+02   4.3063244e+29
   5.5611702e+15   5.3909517e+02   4.2435432e+29
   5.5853482e+15   5.3676153e+02   4.1815638e+29
   5.6095261e+15   5.3444800e+02   4.1203784e+29
   5.6337041e+15   5.3215433e+02   4.0599793e+29
   5.6578820e+15   5.2988026e+02   4.0003588e+29
   5.6820600e+15   5.2762555e+02   3.9415093e+29
   5.7062379e+15   5.2538994e+02   3.8834231e+29
   5.7304159e+15   5.2317320e+02   3.8260925e+29
   5.7545938e+15   5.2097509e+02   3.7695101e+29
   5.7787718e+15   5.1879536e+02   3.7136681e+29
   5.8029497e+15   5.1663381e+02   3.6585590e+29
   5.8271277e+15   5.1449019e+02   3.6041754e+29
   5.8513056e+15   5.1236428e+02   3.5505096e+29
   5.8754836e+15   5.1025587e+02   3.4975543e+29
   5.8996615e+15   5.0816475e+02   3.4453020e+29
   5.9238395e+15   5.0609069e+02   3.3937452e+29
   5.9480174e+15   5.0403349e+02   3.3428767e+29
   5.9721954e+15   5.0199296e+02   3.2926890e+29
   5.9963733e+15   4.9996887e+02   3.2431749e+29
   6.0205513e+15   4.9796105e+02   3.1943271e+29
   6.0447292e+15   4.9596928e+02   3.1461384e+29
   6.0689072e+15   4.9399339e+02   3.0986016e+29
   6.0930851e+15   4.9203317e+02   3.0517095e+29
   6.1172631e+15   4.9008846e+02   3.0054550e+29
   6.1414410e+15   4.8815905e+02   2.9598311e+29
   6.1656190e+15   4.8624477e+02   2.9148306e+29
   6.1897969e+15   4.8434546e+02   2.8704468e+29
   6.2139749e+15   4.8246092e+02   2.8266725e+29
   6.2381528e+15   4.8059098e+02   2.7835008e+29
   6.2623308e+15   4.7873549e+02   2.7409250e+29
   6.2865087e+15   4.7689427e+02   2.6989383e+29
   6.3106867e+15   4.7506716e+02   2.6575337e+29
   6.3348646e+15   4.7325400e+02   2.6167047e+29
   6.3590426e+15   4.7145462e+02   2.5764446e+29
   6.3832205e+15   4.6966888e+02   2.5367467e+29
   6.4073985e+15   4.6789661e+02   2.4976044e+29
   6.4315764e+15   4.6613766e+02   2.4590113e+29
   6.4557544e+15   4.6439190e+02   2.4209608e+29
   6.4799323e+15   4.6265915e+02   2.3834464e+29
   6.5041103e+15   4.6093930e+02   2.3464619e+29
   6.5282882e+15   4.5923218e+02   2.3100009e+29
   6.5524662e+15   4.5753766e+02   2.2740570e+29
   6.5766441e+15   4.5585559e+02   2.2386241e+29
   6.6008221e+15   4.5418585e+02   2.2036960e+29
   6.6250000e+15   4.5252830e+02   2.1692664e+29
   6.6491779e+15   4.5088280e+02   2.1353294e+29
   6.6733559e+15   4.4924923e+02   2.1018790e+29
   6.6975338e+15   4.4762745e+02   2.0689090e+29
   6.7217118e+15   4.4601734e+02   2.0364136e+29
   6.7458897e+15   4.4441877e+02   2.0043869e+29
   6.7700677e+15   4.4283161e+02   1.9728230e+29
   6.7942456e+15   4.4125576e+02   1.9417162e+29
   6.8184236e+15   4.3969107e+02   1.9110608e+29
   6.8426015e+15   4.3813745e+02   1.8808511e+29
   6.8667795e+15   4.3659477e+02   1.8510814e+29
   6.8909574e+15   4.3506291e+02   1.8217462e+29
   6.9151354e+15   4.3354176e+02   1.7928399e+29
   6.9393133e+15   4.3203122e+02   1.7643572e+29
   6.9634913e+15   4.3053116e+02   1.7362924e+29
   6.9876692e+15   4.2904149e+02   1.7086404e+29
   7.0118472e+15   4.2756208e+02   1.6813957e+29
   7.0360251e+15   4.2609285e+02   1.6545532e+29
   7.0602031e+15   4.2463368e+02   1.6281075e+29
   7.0843810e+15   4.2318446e+02   1.6020536e+29
   7.1085590e+15   4.2174511e+02   1.5763862e+29
   7.1327369e+15   4.2031551e+02   1.5511005e+29
   7.1569149e+15   4.1889558e+02   1.5261912e+29
   7.1810928e+15   4.1748520e+02   1.5016536e+29
   7.2052708e+15   4.1608429e+02   1.4774826e+29
   7.2294487e+15   4.1469275e+02   1.4536735e+29
   7.2536267e+15   4.1331049e+02   1.4302213e+29
   7.2778046e+15   4.1193741e+02   1.4071214e+29
   7.3019826e+15   4.1057342e+02   1.3843691e+29
   7.3261605e+15   4.0921844e+02   1.3619596e+29
   7.3503385e+15   4.0787237e+02   1.3398884e+29
   7.3745164e+15   4.0653513e+02   1.3181509e+29
   7.3986944e+15   4.0520663e+02   1.2967426e+29
   7.4228723e+15   4.0388678e+02   1.2756590e+29
   7.4470503e+15   4.0257550e+02   1.2548958e+29
   7.4712282e+15   4.0127271e+02   1.2344485e+29
   7.4954062e+15   3.9997832e+02   1.2143129e+29
   7.5195841e+15   3.9869226e+02   1.1944846e+29
   7.5437621e+15   3.9741444e+02   1.1749595e+29
   7.5679400e+15   3.9614479e+02   1.1557334e+29
   7.5921180e+15   3.9488322e+02   1.1368021e+29
   7.6162959e+15   3.9362966e+02   1.1181616e+29
   7.6404739e+15   3.9238404e+02   1.0998078e+29
   7.6646518e+15   3.9114627e+02   1.0817367e+29
   7.6888298e+15   3.8991629e+02   1.0639445e+29
   7.7130077e+15   3.8869402e+02   1.0464271e+29
   7.7371857e+15   3.8747939e+02   1.0291809e+29
   7.7613636e+15   3.8627233e+02   1.0122018e+29
   7.7855416e+15   3.8507276e+02   9.9548625e+28
   7.8097195e+15   3.8388062e+02   9.7903045e+28
   7.8338975e+15   3.8269584e+02   9.6283075e+28
   7.8580754e+15   3.8151835e+02   9.4688352e+28
   7.8822534e+15   3.8034809e+02   9.3118516e+28
   7.9064313e+15   3.7918498e+02   9.1573213e+28
   7.9306093e+15   3.7802896e+02   9.0052094e+28
   7.9547872e+15   3.7687997e+02   8.8554812e+28
   7.9789652e+15   3.7573795e+02   8.7081027e+28
   8.0031431e+15   3.7460282e+02   8.5630399e+28
   8.0273211e+15   3.7347453e+02   8.4202597e+28
   8.0514990e+15   3.7235302e+02   8.2797290e+28
   8.0756770e+15   3.7123823e+02   8.1414154e+28
   8.0998549e+15   3.7013009e+02   8.0052868e+28
   8.1240329e+15   3.6902854e+02   7.8713114e+28
   8.1482108e+15   3.6793353e+02   7.7394579e+28
   8.1723888e+15   3.6684500e+02   7.6096955e+28
   8.1965667e+15   3.6576290e+02   7.4819935e+28
   8.2207447e+15   3.6468716e+02   7.3563219e+28
   8.2449226e+15   3.6361772e+02   7.2326509e+28
   8.2691006e+15   3.6255455e+02   7.1109510e+28
   8.2932785e+15   3.6149757e+02   6.9911934e+28
   8.3174565e+15   3.6044673e+02   6.8733492e+28
   8.3416344e+15   3.5940199e+02   6.7573904e+28
   8.3658124e+15   3.5836328e+02   6.6432890e+28
   8.3899903e+15   3.5733057e+02   6.5310173e+28
   8.4141683e+15   3.5630378e+02   6.4205484e+28
   8.4383462e+15   3.5528289e+02   6.3118553e+28
   8.4625242e+15   3.5426782e+02   6.2049115e+28
   8.4867021e+15   3.5325854e+02   6.0996909e+28
   8.5108801e+15   3.5225499e+02   5.9961678e+28
   8.5350580e+15   3.5125713e+02   5.8943168e+28
   8.5592360e+15   3.5026491e+02   5.7941126e+28
   8.5834139e+15   3.4927827e+02   5.6955305e+28
   8.6075919e+15   3.4829718e+02   5.5985461e+28
   8.6317698e+15   3.4732159e+02   5.5031353e+28
   8.6559478e+15   3.4635144e+02   5.4092743e+28
   8.6801257e+15   3.4538670e+02   5.3169396e+28
   8.7043037e+15   3.4442732e+02   5.2261080e+28
   8.7284816e+15   3.4347326e+02   5.1367568e+28
   8.7526596e+15   3.4252446e+02   5.0488634e+28
   8.7768375e+15   3.4158089e+02   4.9624055e+28
   8.8010155e+15   3.4064251e+02   4.8773613e+28
   8.8251934e+15   3.3970927e+02   4.7937091e+28
   8.8493714e+15   3.3878113e+02   4.7114277e+28
   8.8735493e+15   3.3785804e+02   4.6304959e+28
   8.8977273e+15   3.3693997e+02   4.5508930e+28
   8.9219052e+15   3.3602688e+02   4.4725987e+28
   8.9460832e+15   3.3511873e+02   4.3955927e+28
   8.9702611e+15   3.3421547e+02   4.3198551e+28
   8.9944391e+15   3.3331706e+02   4.2453663e+28
   9.0186170e+15   3.3242347e+02   4.1721071e+28
   9.0427950e+15   3.3153466e+02   4.1000582e+28
   9.0669729e+15   3.3065060e+02   4.0292010e+28
   9.0911509e+15   3.2977123e+02   3.9595169e+28
   9.1153288e+15   3.2889653e+02   3.8909876e+28
   9.1395068e+15   3.2802645e+02   3.8235951e+28
   9.1636847e+15   3.2716097e+02   3.7573217e+28
   9.1878627e+15   3.2630004e+02   3.6921498e+28
   9.2120406e+15   3.2544364e+02   3.6280623e+28
   9.2362186e+15   3.2459171e+02   3.5650420e+28
   9.2603965e+15   3.2374424e+02   3.5030723e+28
   9.2845745e+15   3.2290117e+02   3.4421365e+28
   9.3087524e+15   3.2206249e+02   3.3822185e+28
   9.3329304e+15   3.2122815e+02   3.3233021e+28
   9.3571083e+15   3.2039813e+02   3.2653716e+28
   9.3812863e+15   3.1957238e+02   3.2084114e+28
   9.4054642e+15   3.1875088e+02   3.1524060e+28
   9.4296422e+15   3.1793359e+02   3.0973404e+28
   9.4538201e+15   3.1712048e+02   3.0431996e+28
   9.4779981e+15   3.1631152e+02   2.9899689e+28
   9.5021760e+15   3.1550668e+02   2.9376338e+28
   9.5263540e+15   3.1470592e+02   2.8861801e+28
   9.5505319e+15   3.1390922e+02   2.8355937e+28
   9.5747099e+15   3.1311654e+02   2.7858608e+28
   9.5988878e+15   3.1232785e+02   2.7369676e+28
   9.6230658e+15   3.1154313e+02   2.6889007e+28
   9.6472437e+15   3.1076234e+02   2.6416469e+28
   9.6714217e+15   3.0998545e+02   2.5951931e+28
   9.6955996e+15   3.0921244e+02   2.5495265e+28
   9.7197776e+15   3.0844327e+02   2.5046343e+28
   9.7439555e+15   3.0767792e+02   2.4605042e+28
   9.7681335e+15   3.0691636e+02   2.4171237e+28
   9.7923114e+15   3.0615856e+02   2.3744808e+28
   9.8164894e+15   3.0540450e+02   2.3325635e+28
   9.8406673e+15   3.0465414e+02   2.2913602e+28
   9.8648453e+15   3.0390745e+02   2.2508592e+28
   9.8890232e+15   3.0316442e+02   2.2110491e+28
   9.9132012e+15   3.0242501e+02   2.1719187e+28
   9.9373791e+15   3.0168920e+02   2.1334570e+28
   9.9615571e+15   3.0095697e+02   2.0956529e+28
   9.9857350e+15   3.0022828e+02   2.0584960e+28
   1.0009913e+16   2.9950310e+02   2.0219754e+28
   1.0034091e+16   2.9878143e+02   1.9860810e+28
   1.0058269e+16   2.9806322e+02   1.9508023e+28
   1.0082447e+16   2.9734846e+02   1.9161294e+28
   1.0106625e+16   2.9663711e+02   1.8820523e+28
   1.0130803e+16   2.9592917e+02   1.8485611e+28
   1.0154981e+16   2.9522459e+02   1.8156464e+28
   1.0179159e+16   2.9452336e+02   1.7832986e+28
   1.0203337e+16   2.9382545e+02   1.7515084e+28
   1.0227515e+16   2.9313085e+02   1.7202665e+28
   1.0251692e+16   2.9243952e+02   1.6895640e+28
   1.0275870e+16   2.9175144e+02   1.6593919e+28
   1.0300048e+16   2.9106659e+02   1.6297414e+28
   1.0324226e+16   2.9038496e+02   1.6006040e+28
   1.0348404e+16   2.8970650e+02   1.5719710e+28
   1.0372582e+16   2.8903121e+02   1.5438343e+28
   1.0396760e+16   2.8835906e+02   1.5161854e+28
   1.0420938e+16   2.8769003e+02   1.4890163e+28
   1.0445116e+16   2.8702410e+02   1.4623191e+28
   1.0469294e+16   2.8636124e+02   1.4360858e+28
   1.0493472e+16   2.8570144e+02   1.4103087e+28
   1.0517650e+16   2.8504467e+02   1.3849803e+28
   1.0541828e+16   2.8439091e+02   1.3600930e+28
   1.0566006e+16   2.8374014e+02   1.3356394e+28
   1.0590184e+16   2.8309235e+02   1.3116124e+28
   1.0614362e+16   2.8244751e+02   1.2880046e+28
   1.0638540e+16   2.8180560e+02   1.2648092e+28
   1.0662718e+16   2.8116659e+02   1.2420192e+28
   1.0686896e+16   2.8053049e+02   1.2196278e+28
   1.0711074e+16   2.7989725e+02   1.1976283e+28
   1.0735251e+16   2.7926686e+02   1.1760140e+28
   1.0759429e+16   2.7863931e+02   1.1547786e+28
   1.0783607e+16   2.7801457e+02   1.1339156e+28
   1.0807785e+16   2.7739263e+02   1.1134187e+28
   1.0831963e+16   2.7677346e+02   1.0932817e+28
   1.0856141e+16   2.7615706e+02   1.0734987e+28
   1.0880319e+16   2.7554339e+02   1.0540635e+28
   1.0904497e+16   2.7493244e+02   1.0349703e+28
   1.0928675e+16   2.7432420e+02   1.0162132e+28
   1.0952853e+16   2.7371864e+02   9.9778672e+27
   1.0977031e+16   2.7311575e+02   9.7968506e+27
   1.1001209e+16   2.7251551e+02   9.6190276e+27
   1.1025387e+16   2.7191790e+02   9.4443438e+27
   1.1049565e+16   2.7132290e+02   9.2727458e+27
   1.1073743e+16   2.7073051e+02   9.1041810e+27
   1.1097921e+16   2.7014069e+02   8.9385978e+27
   1.1122099e+16   2.6955344e+02   8.7759451e+27
   1.1146277e+16   2.6896874e+02   8.6161730e+27
   1.1170455e+16   2.6838657e+02   8.4592322e+27
   1.1194632e+16   2.6780692e+02   8.3050743e+27
   1.1218810e+16   2.6722976e+02   8.1536517e+27
   1.1242988e+16   2.6665508e+02   8.0049174e+27
   1.1267166e+16   2.6608287e+02   7.8588254e+27
   1.1291344e+16   2.6551312e+02   7.7153302e+27
   1.1315522e+16   2.6494579e+02   7.5743874e+27
   1.1339700e+16   2.6438089e+02   7.4359530e+27
   1.1363878e+16   2.6381839e+02   7.2999838e+27
   1.1388056e+16   2.6325827e+02   7.1664374e+27
   1.1412234e+16   2.6270054e+02   7.0352721e+27
   1.1436412e+16   2.6214516e+02   6.9064468e+27
   1.1460590e+16   2.6159212e+02   6.7799212e+27
   1.1484768e+16   2.6104141e+02   6.6556554e+27
   1.1508946e+16   2.6049301e+02   6.5336104e+27
   1.1533124e+16   2.5994692e+02   6.4137478e+27
   1.1557302e+16   2.5940311e+02   6.2960299e+27
   1.1581480e+16   2.5886157e+02   6.1804194e+27
   1.1605658e+16   2.5832228e+02   6.0668799e+27
   1.1629836e+16   2.5778524e+02   5.9553754e+27
   1.1654014e+16   2.5725043e+02   5.8458705e+27
   1.1678191e+16   2.5671783e+02   5.7383306e+27
   1.1702369e+16   2.5618743e+02   5.6327214e+27
   1.1726547e+16   2.5565922e+02   5.5290093e+27
   1.1750725e+16   2.5513319e+02   5.4271614e+27
   1.1774903e+16   2.5460931e+02   5.3271451e+27
   1.1799081e+16   2.5408758e+02   5.2289285e+27
   1.1823259e+16   2.5356798e+02   5.1324801e+27
   1.1847437e+16   2.5305051e+02   5.0377692e+27
   1.1871615e+16   2.5253514e+02   4.9447652e+27
   1.1895793e+16   2.5202187e+02   4.8534385e+27
   1.1919971e+16   2.5151068e+02   4.7637595e+27
   1.1944149e+16   2.5100156e+02   4.6756996e+27
   1.1968327e+16   2.5049450e+02   4.5892302e+27
   1.1992505e+16   2.4998948e+02   4.5043235e+27
   1.2016683e+16   2.4948649e+02   4.4209521e+27
   1.2040861e+16   2.4898552e+02   4.3390889e+27
   1.2065039e+16   2.4848656e+02   4.2587076e+27
   1.2089217e+16   2.4798960e+02   4.1797820e+27
   1.2113395e+16   2.4749462e+02   4.1022865e+27
   1.2137573e+16   2.4700161e+02   4.0261960e+27
   1.2161750e+16   2.4651057e+02   3.9514856e+27
   1.2185928e+16   2.4602147e+02   3.8781311e+27
   1.2210106e+16   2.4553431e+02   3.8061086e+27
   1.2234284e+16   2.4504907e+02   3.7353944e+27
   1.2258462e+16   2.4456575e+02   3.6659655e+27
   1.2282640e+16   2.4408433e+02   3.5977992e+27
   1.2306818e+16   2.4360480e+02   3.5308731e+27
   1.2330996e+16   2.4312715e+02   3.4651653e+27
   1.2355174e+16   2.4265138e+02   3.4006542e+27
   1.2379352e+16   2.4217746e+02   3.3373186e+27
   1.2403530e+16   2.4170539e+02   3.2751377e+27
   1.2427708e+16   2.4123515e+02   3.2140909e+27
   1.2451886e+16   2.4076674e+02   3.1541581e+27
   1.2476064e+16   2.4030015e+02   3.0953195e+27
   1.2500242e+16   2.3983536e+02   3.0375557e+27
   1.2524420e+16   2.3937237e+02   2.9808475e+27
   1.2548598e+16   2.3891116e+02   2.9251762e+27
   1.2572776e+16   2.3845172e+02   2.8705233e+27
   1.2596954e+16   2.3799405e+02   2.8168706e+27
   1.2621132e+16   2.3753813e+02   2.7642003e+27
   1.2645309e+16   2.3708396e+02   2.7124949e+27
   1.2669487e+16   2.3663151e+02   2.6617371e+27
   1.2693665e+16   2.3618080e+02   2.6119100e+27
   1.2717843e+16   2.3573179e+02   2.5629970e+27
   1.2742021e+16   2.3528449e+02   2.5149817e+27
   1.2766199e+16   2.3483889e+02   2.4678481e+27
   1.2790377e+16   2.3439496e+02   2.4215803e+27
   1.2814555e+16   2.3395272e+02   2.3761629e+27
   1.2838733e+16   2.3351214e+02   2.3315806e+27
   1.2862911e+16   2.3307321e+02   2.2878184e+27
   1.2887089e+16   2.3263594e+02   2.2448617e+27
   1.2911267e+16   2.3220030e+02   2.2026958e+27
   1.2935445e+16   2.3176628e+02   2.1613067e+27
   1.2959623e+16   2.3133389e+02   2.1206804e+27
   1.2983801e+16   2.3090311e+02   2.0808031e+27
   1.3007979e+16   2.3047393e+02   2.0416613e+27
   1.3032157e+16   2.3004634e+02   2.0032419e+27
   1.3056335e+16   2.2962034e+02   1.9655318e+27
   1.3080513e+16   2.2919591e+02   1.9285181e+27
   1.3104691e+16   2.2877305e+02   1.8921884e+27
   1.3128868e+16   2.2835174e+02   1.8565304e+27
   1.3153046e+16   2.2793199e+02   1.8215317e+27
   1.3177224e+16   2.2751377e+02   1.7871807e+27
   1.3201402e+16   2.2709709e+02   1.7534654e+27
   1.3225580e+16   2.2668193e+02   1.7203746e+27
   1.3249758e+16   2.2626828e+02   1.6878967e+27
   1.3273936e+16   2.2585614e+02   1.6560208e+27
   1.3298114e+16   2.2544550e+02   1.6247360e+27
   1.3322292e+16   2.2503635e+02   1.5940314e+27
   1.3346470e+16   2.2462868e+02   1.5638967e+27
   1.3370648e+16   2.2422249e+02   1.5343214e+27
   1.3394826e+16   2.2381777e+02   1.5052955e+27
   1.3419004e+16   2.2341450e+02   1.4768088e+27
   1.3443182e+16   2.2301268e+02   1.4488517e+27
   1.3467360e+16   2.2261230e+02   1.4214145e+27
   1.3491538e+16   2.2221337e+02   1.3944877e+27
   1.3515716e+16   2.2181585e+02   1.3680621e+27
   1.3539894e+16   2.2141976e+02   1.3421284e+27
   1.3564072e+16   2.2102508e+02   1.3166779e+27
   1.3588250e+16   2.2063180e+02   1.2917016e+27
   1.3612427e+16   2.2023992e+02   1.2671908e+27
   1.3636605e+16   2.1984944e+02   1.2431372e+27
   1.3660783e+16   2.1946033e+02   1.2195324e+27
   1.3684961e+16   2.1907260e+02   1.1963681e+27
   1.3709139e+16   2.1868623e+02   1.1736363e+27
   1.3733317e+16   2.1830123e+02   1.1513291e+27
   1.3757495e+16   2.1791758e+02   1.1294388e+27
   1.3781673e+16   2.1753527e+02   1.1079576e+27
   1.3805851e+16   2.1715431e+02   1.0868782e+27
   1.3830029e+16   2.1677467e+02   1.0661931e+27
   1.3854207e+16   2.1639636e+02   1.0458952e+27
   1.3878385e+16   2.1601937e+02   1.0259773e+27
   1.3902563e+16   2.1564369e+02   1.0064324e+27
   1.3926741e+16   2.1526932e+02   9.8725379e+26
   1.3950919e+16   2.1489624e+02   9.6843463e+26
   1.3975097e+16   2.1452445e+02   9.4996836e+26
   1.3999275e+16   2.1415395e+02   9.3184848e+26
   1.4023453e+16   2.1378473e+02   9.1406863e+26
   1.4047631e+16   2.1341677e+02   8.9662256e+26
   1.4071809e+16   2.1305009e+02   8.7950411e+26
   1.4095986e+16   2.1268465e+02   8.6270726e+26
   1.4120164e+16   2.1232047e+02   8.4622608e+26
   1.4144342e+16   2.1195754e+02   8.3005475e+26
   1.4168520e+16   2.1159584e+02   8.1418757e+26
   1.4192698e+16   2.1123538e+02   7.9861892e+26
   1.4216876e+16   2.1087614e+02   7.8334328e+26
   1.4241054e+16   2.1051812e+02   7.6835526e+26
   1.4265232e+16   2.1016132e+02   7.5364954e+26
   1.4289410e+16   2.0980572e+02   7.3922090e+26
   1.4313588e+16   2.0945133e+02   7.2506422e+26
   1.4337766e+16   2.0909813e+02   7.1117447e+26
   1.4361944e+16   2.0874612e+02   6.9754671e+26
   1.4386122e+16   2.0839529e+02   6.8417609e+26
   1.4410300e+16   2.0804564e+02   6.7105785e+26
   1.4434478e+16   2.0769716e+02   6.5818731e+26
   1.4458656e+16   2.0734984e+02   6.4555988e+26
   1.4482834e+16   2.0700369e+02   6.3317105e+26
   1.4507012e+16   2.0665869e+02   6.2101640e+26
   1.4531190e+16   2.0631484e+02   6.0909158e+26
   1.4555368e+16   2.0597213e+02   5.9739232e+26
   1.4579545e+16   2.0563055e+02   5.8591444e+26
   1.4603723e+16   2.0529011e+02   5.7465381e+26
   1.4627901e+16   2.0495079e+02   5.6360640e+26
   1.4652079e+16   2.0461260e+02   5.5276825e+26
   1.4676257e+16   2.0427551e+02   5.4213546e+26
   1.4700435e+16   2.0393954e+02   5.3170421e+26
   1.4724613e+16   2.0360467e+02   5.2147074e+26
   1.4748791e+16   2.0327090e+02   5.1143137e+26
   1.4772969e+16   2.0293822e+02   5.0158249e+26
   1.4797147e+16   2.0260662e+02   4.9192053e+26
   1.4821325e+16   2.0227611e+02   4.8244203e+26
   1.4845503e+16   2.0194668e+02   4.7314354e+26
   1.4869681e+16   2.0161832e+02   4.6402172e+26
   1.4893859e+16   2.0129102e+02   4.5507326e+26
   1.4918037e+16   2.0096478e+02   4.4629493e+26
   1.4942215e+16   2.0063960e+02   4.3768353e+26
   1.4966393e+16   2.0031547e+02   4.2923597e+26
   1.4990571e+16   1.9999239e+02   4.2094916e+26
   1.5014749e+16   1.9967034e+02   4.1282010e+26
   1.5038926e+16   1.9934934e+02   4.0484584e+26
   1.5063104e+16   1.9902936e+02   3.9702348e+26
   1.5087282e+16   1.9871041e+02   3.8935018e+26
   1.5111460e+16   1.9839247e+02   3.8182313e+26
   1.5135638e+16   1.9807556e+02   3.7443960e+26
   1.5159816e+16   1.9775965e+02   3.6719690e+26
   1.5183994e+16   1.9744475e+02   3.6009239e+26
   1.5208172e+16   1.9713086e+02   3.5312347e+26
   1.5232350e+16   1.9681796e+02   3.4628759e+26
   1.5256528e+16   1.9650605e+02   3.3958226e+26
   1.5280706e+16   1.9619512e+02   3.3300502e+26
   1.5304884e+16   1.9588518e+02   3.2655346e+26
   1.5329062e+16   1.9557622e+02   3.2022523e+26
   1.5353240e+16   1.9526823e+02   3.1401800e+26
   1.5377418e+16   1.9496121e+02   3.0792950e+26
   1.5401596e+16   1.9465515e+02   3.0195749e+26
   1.5425774e+16   1.9435006e+02   2.9609977e+26
   1.5449952e+16   1.9404591e+02   2.9035420e+26
   1.5474130e+16   1.9374272e+02   2.8471865e+26
   1.5498308e+16   1.9344048e+02   2.7919106e+26
   1.5522485e+16   1.9313917e+02   2.7376939e+26
   1.5546663e+16   1.9283880e+02   2.6845164e+26
   1.5570841e+16   1.9253937e+02   2.6323585e+26
   1.5595019e+16   1.9224086e+02   2.5812010e+26
   1.5619197e+16   1.9194328e+02   2.5310249e+26
   1.5643375e+16   1.9164662e+02   2.4818117e+26
   1.5667553e+16   1.9135087e+02   2.4335433e+26
   1.5691731e+16   1.9105604e+02   2.3862017e+26
   1.5715909e+16   1.9076211e+02   2.3397694e+26
   1.5740087e+16   1.9046909e+02   2.2942292e+26
   1.5764265e+16   1.9017696e+02   2.2495643e+26
   1.5788443e+16   1.8988573e+02   2.2057580e+26
   1.5812621e+16   1.8959539e+02   2.1627941e+26
   1.5836799e+16   1.8930593e+02   2.1206566e+26
   1.5860977e+16   1.8901736e+02   2.0793300e+26
   1.5885155e+16   1.8872967e+02   2.0387987e+26
   1.5909333e+16   1.8844285e+02   1.9990478e+26
   1.5933511e+16   1.8815690e+02   1.9600623e+26
   1.5957689e+16   1.8787182e+02   1.9218279e+26
   1.5981867e+16   1.8758760e+02   1.8843302e+26
   1.6006044e+16   1.8730424e+02   1.8475552e+26
   1.6030222e+16   1.8702173e+02   1.8114892e+26
   1.6054400e+16   1.8674008e+02   1.7761188e+26
   1.6078578e+16   1.8645927e+02   1.7414307e+26
   1.6102756e+16   1.8617931e+02   1.7074119e+26
   1.6126934e+16   1.8590018e+02   1.6740497e+26
   1.6151112e+16   1.8562189e+02   1.6413316e+26
   1.6175290e+16   1.8534443e+02   1.6092454e+26
   1.6199468e+16   1.8506780e+02   1.5777789e+26
   1.6223646e+16   1.8479200e+02   1.5469205e+26
   1.6247824e+16   1.8451702e+02   1.5166585e+26
   1.6272002e+16   1.8424285e+02   1.4869816e+26
   1.6296180e+16   1.8396950e+02   1.4578786e+26
   1.6320358e+16   1.8369695e+02   1.4293385e+26
   1.6344536e+16   1.8342522e+02   1.4013507e+26
   1.6368714e+16   1.8315428e+02   1.3739045e+26
   1.6392892e+16   1.8288415e+02   1.3469897e+26
   1.6417070e+16   1.8261481e+02   1.3205960e+26
   1.6441248e+16   1.8234626e+02   1.2947136e+26
   1.6465426e+16   1.8207850e+02   1.2693326e+26
   1.6489603e+16   1.8181153e+02   1.2444436e+26
   1.6513781e+16   1.8154534e+02   1.2200370e+26
   1.6537959e+16   1.8127992e+02   1.1961036e+26
   1.6562137e+16   1.8101528e+02   1.1726345e+26
   1.6586315e+16   1.8075142e+02   1.1496206e+26
   1.6610493e+16   1.8048832e+02   1.1270534e+26
   1.6634671e+16   1.8022599e+02   1.1049241e+26
   1.6658849e+16   1.7996441e+02   1.0832246e+26
   1.6683027e+16   1.7970360e+02   1.0619464e+26
   1.6707205e+16   1.7944354e+02   1.0410816e+26
   1.6731383e+16   1.7918423e+02   1.0206222e+26
   1.6755561e+16   1.7892567e+02   1.0005604e+26
   1.6779739e+16   1.7866786e+02   9.8088865e+25
   1.6803917e+16   1.7841079e+02   9.6159942e+25
   1.6828095e+16   1.7815445e+02   9.4268536e+25
   1.6852273e+16   1.7789885e+02   9.2413928e+25
   1.6876451e+16   1.7764399e+02   9.0595412e+25
   1.6900629e+16   1.7738985e+02   8.8812292e+25
   1.6924807e+16   1.7713644e+02   8.7063890e+25
   1.6948985e+16   1.7688375e+02   8.5349537e+25
   1.6973162e+16   1.7663179e+02   8.3668579e+25
   1.6997340e+16   1.7638054e+02   8.2020374e+25
   1.7021518e+16   1.7613000e+02   8.0404291e+25
   1.7045696e+16   1.7588017e+02   7.8819712e+25
   1.7069874e+16   1.7563105e+02   7.7266031e+25
   1.7094052e+16   1.7538264e+02   7.5742652e+25
   1.7118230e+16   1.7513493e+02   7.4248992e+25
   1.7142408e+16   1.7488791e+02   7.2784477e+25
   1.7166586e+16   1.7464160e+02   7.1348548e+25
   1.7190764e+16   1.7439597e+02   6.9940651e+25
   1.7214942e+16   1.7415104e+02   6.8560247e+25
   1.7239120e+16   1.7390679e+02   6.7206805e+25
   1.7263298e+16   1.7366323e+02   6.5879805e+25
   1.7287476e+16   1.7342034e+02   6.4578736e+25
   1.7311654e+16   1.7317814e+02   6.3303099e+25
   1.7335832e+16   1.7293661e+02   6.2052401e+25
   1.7360010e+16   1.7269576e+02   6.0826161e+25
   1.7384188e+16   1.7245557e+02   5.9623906e+25
   1.7408366e+16   1.7221605e+02   5.8445173e+25
   1.7432544e+16   1.7197720e+02   5.7289507e+25
   1.7456721e+16   1.7173901e+02   5.6156462e+25
   1.7480899e+16   1.7150147e+02   5.5045600e+25
   1.7505077e+16   1.7126460e+02   5.3956492e+25
   1.7529255e+16   1.7102837e+02   5.2888717e+25
   1.7553433e+16   1.7079280e+02   5.1841862e+25
   1.7577611e+16   1.7055787e+02   5.0815522e+25
   1.7601789e+16   1.7032359e+02   4.9809299e+25
   1.7625967e+16   1.7008996e+02   4.8822804e+25
   1.7650145e+16   1.6985696e+02   4.7855655e+25
   1.7674323e+16   1.6962460e+02   4.6907475e+25
   1.7698501e+16   1.6939288e+02   4.5977898e+25
   1.7722679e+16   1.6916178e+02   4.5066562e+25
   1.7746857e+16   1.6893132e+02   4.4173114e+25
   1.7771035e+16   1.6870149e+02   4.3297207e+25
   1.7795213e+16   1.6847228e+02   4.2438500e+25
   1.7819391e+16   1.6824369e+02   4.1596659e+25
   1.7843569e+16   1.6801572e+02   4.0771356e+25
   1.7867747e+16   1.6778837e+02   3.9962270e+25
   1.7891925e+16   1.6756163e+02   3.9169087e+25
   1.7916103e+16   1.6733550e+02   3.8391496e+25
   1.7940280e+16   1.6710999e+02   3.7629196e+25
   1.7964458e+16   1.6688508e+02   3.6881888e+25
   1.7988636e+16   1.6666077e+02   3.6149280e+25
   1.8012814e+16   1.6643707e+02   3.5431088e+25
   1.8036992e+16   1.6621396e+02   3.4727030e+25
   1.8061170e+16   1.6599146e+02   3.4036831e+25
   1.8085348e+16   1.6576955e+02   3.3360221e+25
   1.8109526e+16   1.6554823e+02   3.2696936e+25
   1.8133704e+16   1.6532750e+02   3.2046715e+25
   1.8157882e+16   1.6510736e+02   3.1409306e+25
   1.8182060e+16   1.6488781e+02   3.0784457e+25
   1.8206238e+16   1.6466884e+02   3.0171924e+25
   1.8230416e+16   1.6445044e+02   2.9571466e+25
   1.8254594e+16   1.6423263e+02   2.8982849e+25
   1.8278772e+16   1.6401540e+02   2.8405841e+25
   1.8302950e+16   1.6379873e+02   2.7840216e+25
   1.8327128e+16   1.6358264e+02   2.7285751e+25
   1.8351306e+16   1.6336712e+02   2.6742228e+25
   1.8375484e+16   1.6315217e+02   2.6209435e+25
   1.8399662e+16   1.6293778e+02   2.5687160e+25
   1.8423839e+16   1.6272395e+02   2.5175199e+25
   1.8448017e+16   1.6251069e+02   2.4673351e+25
   1.8472195e+16   1.6229798e+02   2.4181417e+25
   1.8496373e+16   1.6208583e+02   2.3699203e+25
   1.8520551e+16   1.6187423e+02   2.3226520e+25
   1.8544729e+16   1.6166319e+02   2.2763181e+25
   1.8568907e+16   1.6145269e+02   2.2309003e+25
   1.8593085e+16   1.6124274e+02   2.1863807e+25
   1.8617263e+16   1.6103334e+02   2.1427418e+25
   1.8641441e+16   1.6082448e+02   2.0999662e+25
   1.8665619e+16   1.6061616e+02   2.0580370e+25
   1.8689797e+16   1.6040838e+02   2.0169377e+25
   1.8713975e+16   1.6020113e+02   1.9766521e+25
   1.8738153e+16   1.5999443e+02   1.9371641e+25
   1.8762331e+16   1.5978825e+02   1.8984581e+25
   1.8786509e+16   1.5958261e+02   1.8605189e+25
   1.8810687e+16   1.5937749e+02   1.8233313e+25
   1.8834865e+16   1.5917290e+02   1.7868806e+25
   1.8859043e+16   1.5896883e+02   1.7511524e+25
   1.8883221e+16   1.5876529e+02   1.7161324e+25
   1.8907398e+16   1.5856227e+02   1.6818069e+25
   1.8931576e+16   1.5835977e+02   1.6481620e+25
   1.8955754e+16   1.5815778e+02   1.6151846e+25
   1.8979932e+16   1.5795631e+02   1.5828614e+25
   1.9004110e+16   1.5775535e+02   1.5511796e+25
   1.9028288e+16   1.5755490e+02   1.5201266e+25
   1.9052466e+16   1.5735496e+02   1.4896900e+25
   1.9076644e+16   1.5715552e+02   1.4598578e+25
   1.9100822e+16   1.5695660e+02   1.4306180e+25
   1.9125000e+16   1.5675817e+02   1.4019590e+25
   1.9149178e+16   1.5656025e+02   1.3738694e+25
   1.9173356e+16   1.5636282e+02   1.3463379e+25
   1.9197534e+16   1.5616589e+02   1.3193535e+25
   1.9221712e+16   1.5596946e+02   1.2929056e+25
   1.9245890e+16   1.5577352e+02   1.2669835e+25
   1.9270068e+16   1.5557807e+02   1.2415769e+25
   1.9294246e+16   1.5538312e+02   1.2166756e+25
   1.9318424e+16   1.5518865e+02   1.1922696e+25
   1.9342602e+16   1.5499466e+02   1.1683493e+25
   1.9366779e+16   1.5480116e+02   1.1449050e+25
   1.9390957e+16   1.5460815e+02   1.1219273e+25
   1.9415135e+16   1.5441561e+02   1.0994070e+25
   1.9439313e+16   1.5422355e+02   1.0773352e+25
   1.9463491e+16   1.5403197e+02   1.0557030e+25
   1.9487669e+16   1.5384087e+02   1.0345016e+25
   1.9511847e+16   1.5365024e+02   1.0137227e+25
   1.9536025e+16   1.5346008e+02   9.9335776e+24
   1.9560203e+16   1.5327039e+02   9.7339872e+24
   1.9584381e+16   1.5308117e+02   9.5383754e+24
   1.9608559e+16   1.5289242e+02   9.3466637e+24
   1.9632737e+16   1.5270413e+02   9.1587748e+24
   1.9656915e+16   1.5251630e+02   8.9746333e+24
   1.9681093e+16   1.5232894e+02   8.7941652e+24
   1.9705271e+16   1.5214204e+02   8.6172977e+24
   1.9729449e+16   1.5195559e+02   8.4439597e+24
   1.9753627e+16   1.5176960e+02   8.2740814e+24
   1.9777805e+16   1.5158406e+02   8.1075943e+24
   1.9801983e+16   1.5139898e+02   7.9444313e+24
   1.9826161e+16   1.5121435e+02   7.7845267e+24
   1.9850338e+16   1.5103017e+02   7.6278159e+24
   1.9874516e+16   1.5084644e+02   7.4742357e+24
   1.9898694e+16   1.5066315e+02   7.3237241e+24
   1.9922872e+16   1.5048031e+02   7.1762203e+24
   1.9947050e+16   1.5029791e+02   7.0316648e+24
   1.9971228e+16   1.5011596e+02   6.8899991e+24
   1.9995406e+16   1.4993444e+02   6.7511659e+24
   2.0019584e+16   1.4975336e+02   6.6151091e+24
   2.0043762e+16   1.4957272e+02   6.4817737e+24
   2.0067940e+16   1.4939251e+02   6.3511056e+24
   2.0092118e+16   1.4921274e+02   6.2230520e+24
   2.0116296e+16   1.4903340e+02   6.0975610e+24
   2.0140474e+16   1.4885449e+02   5.9745818e+24
   2.0164652e+16   1.4867601e+02   5.8540644e+24
   2.0188830e+16   1.4849796e+02   5.7359601e+24
   2.0213008e+16   1.4832033e+02   5.6202210e+24
   2.0237186e+16   1.4814313e+02   5.5067999e+24
   2.0261364e+16   1.4796635e+02   5.3956510e+24
   2.0285542e+16   1.4778999e+02   5.2867291e+24
   2.0309720e+16   1.4761405e+02   5.1799899e+24
   2.0333897e+16   1.4743853e+02   5.0753900e+24
   2.0358075e+16   1.4726343e+02   4.9728870e+24
   2.0382253e+16   1.4708874e+02   4.8724391e+24
   2.0406431e+16   1.4691447e+02   4.7740055e+24
   2.0430609e+16   1.4674061e+02   4.6775461e+24
   2.0454787e+16   1.4656716e+02   4.5830216e+24
   2.0478965e+16   1.4639412e+02   4.4903935e+24
   2.0503143e+16   1.4622148e+02   4.3996242e+24
   2.0527321e+16   1.4604926e+02   4.3106766e+24
   2.0551499e+16   1.4587744e+02   4.2235144e+24
   2.0575677e+16   1.4570602e+02   4.1381021e+24
   2.0599855e+16   1.4553501e+02   4.0544048e+24
   2.0624033e+16   1.4536439e+02   3.9723884e+24
   2.0648211e+16   1.4519418e+02   3.8920194e+24
   2.0672389e+16   1.4502436e+02   3.8132650e+24
   2.0696567e+16   1.4485494e+02   3.7360930e+24
   2.0720745e+16   1.4468592e+02   3.6604718e+24
   2.0744923e+16   1.4451729e+02   3.5863705e+24
   2.0769101e+16   1.4434905e+02   3.5137589e+24
   2.0793279e+16   1.4418121e+02   3.4426071e+24
   2.0817456e+16   1.4401375e+02   3.3728862e+24
   2.0841634e+16   1.4384668e+02   3.3045675e+24
   2.0865812e+16   1.4368000e+02   3.2376230e+24
   2.0889990e+16   1.4351371e+02   3.1720254e+24
   2.0914168e+16   1.4334780e+02   3.1077477e+24
   2.0938346e+16   1.4318227e+02   3.0447636e+24
   2.0962524e+16   1.4301713e+02   2.9830473e+24
   2.0986702e+16   1.4285236e+02   2.9225734e+24
   2.1010880e+16   1.4268798e+02   2.8633171e+24
   2.1035058e+16   1.4252397e+02   2.8052541e+24
   2.1059236e+16   1.4236034e+02   2.7483606e+24
   2.1083414e+16   1.4219708e+02   2.6926131e+24
   2.1107592e+16   1.4203420e+02   2.6379888e+24
   2.1131770e+16   1.4187169e+02   2.5844651e+24
   2.1155948e+16   1.4170956e+02   2.5320202e+24
   2.1180126e+16   1.4154779e+02   2.4806324e+24
   2.1204304e+16   1.4138639e+02   2.4302805e+24
   2.1228482e+16   1.4122536e+02   2.3809439e+24
   2.1252660e+16   1.4106470e+02   2.3326022e+24
   2.1276838e+16   1.4090440e+02   2.2852355e+24
   2.1301015e+16   1.4074446e+02   2.2388243e+24
   2.1325193e+16   1.4058489e+02   2.1933495e+24
   2.1349371e+16   1.4042568e+02   2.1487922e+24
   2.1373549e+16   1.4026683e+02   2.1051342e+24
   2.1397727e+16   1.4010834e+02   2.0623574e+24
   2.1421905e+16   1.3995020e+02   2.0204441e+24
   2.1446083e+16   1.3979243e+02   1.9793772e+24
   2.1470261e+16   1.3963500e+02   1.9391395e+24
   2.1494439e+16   1.3947794e+02   1.8997144e+24
   2.1518617e+16   1.3932122e+02   1.8610858e+24
   2.1542795e+16   1.3916486e+02   1.8232375e+24
   2.1566973e+16   1.3900885e+02   1.7861540e+24
   2.1591151e+16   1.3885318e+02   1.7498199e+24
   2.1615329e+16   1.3869787e+02   1.7142202e+24
   2.1639507e+16   1.3854290e+02   1.6793401e+24
   2.1663685e+16   1.3838828e+02   1.6451652e+24
   2.1687863e+16   1.3823400e+02   1.6116814e+24
   2.1712041e+16   1.3808007e+02   1.5788747e+24
   2.1736219e+16   1.3792647e+02   1.5467316e+24
   2.1760397e+16   1.3777322e+02   1.5152387e+24
   2.1784574e+16   1.3762031e+02   1.4843830e+24
   2.1808752e+16   1.3746774e+02   1.4541517e+24
   2.1832930e+16   1.3731551e+02   1.4245322e+24
   2.1857108e+16   1.3716362e+02   1.3955123e+24
   2.1881286e+16   1.3701206e+02   1.3670799e+24
   2.1905464e+16   1.3686083e+02   1.3392231e+24
   2.1929642e+16   1.3670994e+02   1.3119305e+24
   2.1953820e+16   1.3655938e+02   1.2851906e+24
   2.1977998e+16   1.3640915e+02   1.2589923e+24
   2.2002176e+16   1.3625925e+02   1.2333248e+24
   2.2026354e+16   1.3610968e+02   1.2081774e+24
   2.2050532e+16   1.3596044e+02   1.1835395e+24
   2.2074710e+16   1.3581152e+02   1.1594011e+24
   2.2098888e+16   1.3566294e+02   1.1357519e+24
   2.2123066e+16   1.3551467e+02   1.1125821e+24
   2.2147244e+16   1.3536673e+02   1.0898822e+24
   2.2171422e+16   1.3521911e+02   1.0676426e+24
   2.2195600e+16   1.3507182e+02   1.0458540e+24
   2.2219778e+16   1.3492484e+02   1.0245075e+24
   2.2243956e+16   1.3477819e+02   1.0035940e+24
   2.2268133e+16   1.3463185e+02   9.8310481e+23
   2.2292311e+16   1.3448583e+02   9.6303144e+23
   2.2316489e+16   1.3434013e+02   9.4336548e+23
   2.2340667e+16   1.3419474e+02   9.2409872e+23
   2.2364845e+16   1.3404966e+02   9.0522310e+23
   2.2389023e+16   1.3390490e+02   8.8673075e+23
   2.2413201e+16   1.3376046e+02   8.6861392e+23
   2.2437379e+16   1.3361632e+02   8.5086505e+23
   2.2461557e+16   1.3347249e+02   8.3347670e+23
   2.2485735e+16   1.3332897e+02   8.1644162e+23
   2.2509913e+16   1.3318577e+02   7.9975265e+23
   2.2534091e+16   1.3304286e+02   7.8340283e+23
   2.2558269e+16   1.3290027e+02   7.6738530e+23
   2.2582447e+16   1.3275798e+02   7.5169335e+23
   2.2606625e+16   1.3261599e+02   7.3632041e+23
   2.2630803e+16   1.3247431e+02   7.2126003e+23
   2.2654981e+16   1.3233293e+02   7.0650591e+23
   2.2679159e+16   1.3219185e+02   6.9205184e+23
   2.2703337e+16   1.3205108e+02   6.7789178e+23
   2.2727515e+16   1.3191060e+02   6.6401978e+23
   2.2751692e+16   1.3177042e+02   6.5043002e+23
   2.2775870e+16   1.3163053e+02   6.3711678e+23
   2.2800048e+16   1.3149095e+02   6.2407449e+23
   2.2824226e+16   1.3135166e+02   6.1129765e+23
   2.2848404e+16   1.3121266e+02   5.9878091e+23
   2.2872582e+16   1.3107396e+02   5.8651900e+23
   2.2896760e+16   1.3093556e+02   5.7450677e+23
   2.2920938e+16   1.3079744e+02   5.6273916e+23
   2.2945116e+16   1.3065961e+02   5.5121123e+23
   2.2969294e+16   1.3052208e+02   5.3991812e+23
   2.2993472e+16   1.3038483e+02   5.2885508e+23
   2.3017650e+16   1.3024788e+02   5.1801745e+23
   2.3041828e+16   1.3011121e+02   5.0740067e+23
   2.3066006e+16   1.2997482e+02   4.9700026e+23
   2.3090184e+16   1.2983872e+02   4.8681185e+23
   2.3114362e+16   1.2970291e+02   4.7683114e+23
   2.3138540e+16   1.2956738e+02   4.6705392e+23
   2.3162718e+16   1.2943214e+02   4.5747606e+23
   2.3186896e+16   1.2929717e+02   4.4809354e+23
   2.3211074e+16   1.2916249e+02   4.3890238e+23
   2.3235251e+16   1.2902809e+02   4.2989871e+23
   2.3259429e+16   1.2889396e+02   4.2107873e+23
   2.3283607e+16   1.2876012e+02   4.1243871e+23
   2.3307785e+16   1.2862655e+02   4.0397500e+23
   2.3331963e+16   1.2849326e+02   3.9568404e+23
   2.3356141e+16   1.2836024e+02   3.8756231e+23
   2.3380319e+16   1.2822751e+02   3.7960637e+23
   2.3404497e+16   1.2809504e+02   3.7181288e+23
   2.3428675e+16   1.2796285e+02   3.6417852e+23
   2.3452853e+16   1.2783093e+02   3.5670007e+23
   2.3477031e+16   1.2769928e+02   3.4937436e+23
   2.3501209e+16   1.2756791e+02   3.4219830e+23
   2.3525387e+16   1.2743680e+02   3.3516885e+23
   2.3549565e+16   1.2730596e+02   3.2828302e+23
   2.3573743e+16   1.2717539e+02   3.2153790e+23
   2.3597921e+16   1.2704509e+02   3.1493063e+23
   2.3622099e+16   1.2691506e+02   3.0845841e+23
   2.3646277e+16   1.2678529e+02   3.0211850e+23
   2.3670455e+16   1.2665578e+02   2.9590821e+23
   2.3694632e+16   1.2652655e+02   2.8982491e+23
   2.3718810e+16   1.2639757e+02   2.8386600e+23
   2.3742988e+16   1.2626886e+02   2.7802897e+23
   2.3767166e+16   1.2614041e+02   2.7231133e+23
   2.3791344e+16   1.2601222e+02   2.6671066e+23
   2.3815522e+16   1.2588429e+02   2.6122458e+23
   2.3839700e+16   1.2575662e+02   2.5585076e+23
   2.3863878e+16   1.2562920e+02   2.5058691e+23
   2.3888056e+16   1.2550205e+02   2.4543080e+23
   2.3912234e+16   1.2537515e+02   2.4038023e+23
   2.3936412e+16   1.2524851e+02   2.3543305e+23
   2.3960590e+16   1.2512213e+02   2.3058717e+23
   2.3984768e+16   1.2499600e+02   2.2584051e+23
   2.4008946e+16   1.2487012e+02   2.2119107e+23
   2.4033124e+16   1.2474450e+02   2.1663685e+23
   2.4057302e+16   1.2461913e+02   2.1217592e+23
   2.4081480e+16   1.2449401e+02   2.0780638e+23
   2.4105658e+16   1.2436914e+02   2.0352637e+23
   2.4129836e+16   1.2424453e+02   1.9933407e+23
   2.4154014e+16   1.2412016e+02   1.9522768e+23
   2.4395793e+16   1.2289004e+02   1.5852101e+23
   2.4637573e+16   1.2168407e+02   1.2868766e+23
   2.4879352e+16   1.2050153e+02   1.0444636e+23
   2.5121132e+16   1.1934176e+02   8.4753533e+22
   2.5362911e+16   1.1820410e+02   6.8759395e+22
   2.5604691e+16   1.1708792e+02   5.5772182e+22
   2.5846470e+16   1.1599263e+02   4.5228914e+22
   2.6088250e+16   1.1491764e+02   3.6671540e+22
   2.6330029e+16   1.1386239e+02   2.9727481e+22
   2.6571809e+16   1.1282634e+02   2.4093755e+22
   2.6813588e+16   1.1180898e+02   1.9524041e+22
   2.7055368e+16   1.1080981e+02   1.5818130e+22
   2.7297147e+16   1.0982833e+02   1.2813334e+22
   2.7538926e+16   1.0886408e+02   1.0377483e+22
   2.7780706e+16   1.0791662e+02   8.4032272e+21
   2.8022485e+16   1.0698551e+02   6.8033932e+21
   2.8264265e+16   1.0607033e+02   5.5072104e+21
   2.8506044e+16   1.0517068e+02   4.4572356e+21
   2.8747824e+16   1.0428615e+02   3.6068534e+21
   2.8989603e+16   1.0341639e+02   2.9182434e+21
   2.9231383e+16   1.0256100e+02   2.3607269e+21
   2.9473162e+16   1.0171966e+02   1.9094236e+21
   2.9714942e+16   1.0089200e+02   1.5441595e+21
   2.9956721e+16   1.0007771e+02   1.2485802e+21
   3.0198501e+16   9.9276451e+01   1.0094298e+21
   3.0440280e+16   9.8487923e+01   8.1596619e+20
   3.0682060e+16   9.7711823e+01   6.5948595e+20
   3.0923839e+16   9.6947858e+01   5.3293864e+20
   3.1165619e+16   9.6195747e+01   4.3061392e+20
   3.1407398e+16   9.5455216e+01   3.4788766e+20
   3.1649178e+16   9.4725999e+01   2.8101593e+20
   3.1890957e+16   9.4007839e+01   2.2696804e+20
   3.2132737e+16   9.3300487e+01   1.8329100e+20
   3.2374516e+16   9.2603700e+01   1.4799978e+20
   3.2616296e+16   9.1917243e+01   1.1948828e+20
   3.2858075e+16   9.1240889e+01   9.6457198e+19
   3.3099855e+16   9.0574415e+01   7.7855596e+19
   3.3341634e+16   8.9917608e+01   6.2833557e+19
   3.3583414e+16   8.9270257e+01   5.0703836e+19
   3.3825193e+16   8.8632161e+01   4.0910809e+19
   3.4066973e+16   8.8003123e+01   3.3005333e+19
   3.4308752e+16   8.7382950e+01   2.6624389e+19
   3.4550532e+16   8.6771457e+01   2.1474613e+19
   3.4792311e+16   8.6168463e+01   1.7318963e+19
   3.5034091e+16   8.5573792e+01   1.3965932e+19
   3.5275870e+16   8.4987272e+01   1.1260822e+19
   3.5517650e+16   8.4408738e+01   9.0786867e+18
   3.5759429e+16   8.3838027e+01   7.3186223e+18
   3.6001209e+16   8.3274981e+01   5.8991525e+18
   3.6242988e+16   8.2719448e+01   4.7544961e+18
   3.6484768e+16   8.2171278e+01   3.8315502e+18
   3.6726547e+16   8.1630325e+01   3.0874524e+18
   3.6968327e+16   8.1096448e+01   2.4876101e+18
   3.7210106e+16   8.0569509e+01   2.0041083e+18
   3.7451886e+16   8.0049373e+01   1.6144234e+18
   3.7693665e+16   7.9535911e+01   1.3003839e+18
   3.7935445e+16   7.9028993e+01   1.0473315e+18
   3.8177224e+16   7.8528496e+01   8.4344287e+17
   3.8419004e+16   7.8034298e+01   6.7918269e+17
   3.8660783e+16   7.7546282e+01   5.4686166e+17
   3.8902563e+16   7.7064331e+01   4.4027978e+17
   3.9144342e+16   7.6588335e+01   3.5443850e+17
   3.9386122e+16   7.6118182e+01   2.8530828e+17
   3.9627901e+16   7.5653767e+01   2.2964113e+17
   3.9869681e+16   7.5194984e+01   1.8481926e+17
   4.0111460e+16   7.4741732e+01   1.4873304e+17
   4.0353240e+16   7.4293911e+01   1.1968254e+17
   4.0595019e+16   7.3851424e+01   9.6298099e+16
   4.0836799e+16   7.3414178e+01   7.7476250e+16
   4.1078578e+16   7.2982078e+01   6.2328094e+16
   4.1320358e+16   7.2555035e+01   5.0137640e+16
   4.1562137e+16   7.2132960e+01   4.0328225e+16
   4.1803917e+16   7.1715768e+01   3.2435448e+16
   4.2045696e+16   7.1303374e+01   2.6085349e+16
   4.2287476e+16   7.0895695e+01   2.0976824e+16
   4.2529255e+16   7.0492652e+01   1.6867453e+16
   4.2771035e+16   7.0094166e+01   1.3562082e+16
   4.3012814e+16   6.9700159e+01   1.0903619e+16
   4.3254594e+16   6.9310557e+01   8.7656222e+15
   4.3496373e+16   6.8925287e+01   7.0463297e+15
   4.3738153e+16   6.8544276e+01   5.6638487e+15
   4.3979932e+16   6.8167454e+01   4.5522818e+15
   4.4221712e+16   6.7794752e+01   3.6586071e+15
   4.4463491e+16   6.7426104e+01   2.9401662e+15
   4.4705271e+16   6.7061444e+01   2.3626413e+15
   4.4947050e+16   6.6700706e+01   1.8984265e+15
   4.5188830e+16   6.6343829e+01   1.5253174e+15
   4.5430609e+16   6.5990750e+01   1.2254550e+15
   4.5672389e+16   6.5641410e+01   9.8447690e+14
   4.5914168e+16   6.5295749e+01   7.9083344e+14
   4.6155948e+16   6.4953709e+01   6.3523751e+14
   4.6397727e+16   6.4615234e+01   5.1022196e+14
   4.6639507e+16   6.4280268e+01   4.0978339e+14
   4.6881286e+16   6.3948757e+01   3.2909555e+14
   4.7123066e+16   6.3620648e+01   2.6427885e+14
   4.7364845e+16   6.3295889e+01   2.1221488e+14
   4.7606625e+16   6.2974429e+01   1.7039723e+14
   4.7848404e+16   6.2656217e+01   1.3681155e+14
   4.8090184e+16   6.2341205e+01   1.0983906e+14
   4.8331963e+16   6.2029345e+01   8.8178944e+13
   4.8573743e+16   6.1720589e+01   7.0785987e+13
   4.8815522e+16   6.1414891e+01   5.6820395e+13
   4.9057302e+16   6.1112207e+01   4.5607473e+13
   4.9299081e+16   6.0812492e+01   3.6605202e+13
   4.9540861e+16   6.0515703e+01   2.9378180e+13
   4.9782640e+16   6.0221796e+01   2.3576671e+13
   5.0024420e+16   5.9930730e+01   1.8919768e+13
   5.0266199e+16   5.9642464e+01   1.5181865e+13
   5.0507979e+16   5.9356959e+01   1.2181776e+13
   5.0749758e+16   5.9074173e+01   9.7740047e+12
   5.0991538e+16   5.8794069e+01   7.8417158e+12
   5.1233317e+16   5.8516609e+01   6.2910988e+12
   5.1475097e+16   5.8241756e+01   5.0468335e+12
   5.1716876e+16   5.7969472e+01   4.0484494e+12
   5.1958656e+16   5.7699722e+01   3.2474011e+12
   5.2200435e+16   5.7432471e+01   2.6047188e+12
   5.2442215e+16   5.7167685e+01   2.0891211e+12
   5.2683994e+16   5.6905329e+01   1.6755002e+12
   5.2925774e+16   5.6645369e+01   1.3437041e+12
   5.3167553e+16   5.6387774e+01   1.0775595e+12
   5.3409333e+16   5.6132512e+01   8.6408710e+11
   5.3651112e+16   5.5879550e+01   6.9287142e+11
   5.3892892e+16   5.5628858e+01   5.5555467e+11
   5.4134671e+16   5.5380405e+01   4.4543073e+11
   5.4376451e+16   5.5134161e+01   3.5711899e+11
   5.4618230e+16   5.4890098e+01   2.8630260e+11
   5.4860010e+16   5.4648186e+01   2.2951834e+11
   5.5101789e+16   5.4408397e+01   1.8398796e+11
   5.5343569e+16   5.4170703e+01   1.4748285e+11
   5.5585348e+16   5.3935076e+01   1.1821536e+11
   5.5827128e+16   5.3701491e+01   9.4751640e+10
   5.6068907e+16   5.3469920e+01   7.5941672e+10
   5.6310687e+16   5.3240338e+01   6.0863137e+10
   5.6552466e+16   5.3012719e+01   4.8776365e+10
   5.6794246e+16   5.2787038e+01   3.9088195e+10
   5.7036025e+16   5.2563270e+01   3.1322977e+10
   5.7277805e+16   5.2341392e+01   2.5099314e+10
   5.7519584e+16   5.2121378e+01   2.0111395e+10
   5.7761364e+16   5.1903207e+01   1.6114033e+10
   5.8003143e+16   5.1686854e+01   1.2910651e+10
   5.8244923e+16   5.1472298e+01   1.0343656e+10
   5.8486702e+16   5.1259515e+01   8.2867089e+09
   5.8728482e+16   5.1048485e+01   6.6385373e+09
   5.8970261e+16   5.0839185e+01   5.3179610e+09
   5.9212041e+16   5.0631594e+01   4.2599103e+09
   5.9453820e+16   5.0425692e+01   3.4122313e+09
   5.9695600e+16   5.0221457e+01   2.7331239e+09
   5.9937379e+16   5.0018870e+01   2.1890877e+09
   6.0179159e+16   4.9817912e+01   1.7532753e+09
   6.0420938e+16   4.9618561e+01   1.4041720e+09
   6.0662718e+16   4.9420799e+01   1.1245373e+09
   6.0904497e+16   4.9224608e+01   9.0055642e+08
   6.1146277e+16   4.9029968e+01   7.2116000e+08
   6.1388056e+16   4.8836862e+01   5.7747886e+08
   6.1629836e+16   4.8645270e+01   4.6240703e+08
   6.1871615e+16   4.8455176e+01   3.7025146e+08
   6.2113395e+16   4.8266562e+01   2.9645123e+08
   6.2355174e+16   4.8079410e+01   2.3735260e+08
   6.2596954e+16   4.7893705e+01   1.9002865e+08
   6.2838733e+16   4.7709428e+01   1.5213483e+08
   6.3080513e+16   4.7526564e+01   1.2179315e+08
   6.3322292e+16   4.7345096e+01   9.7499358e+07
   6.3564072e+16   4.7165009e+01   7.8048667e+07
   6.3805851e+16   4.6986287e+01   6.2476137e+07
   6.4047631e+16   4.6808914e+01   5.0008970e+07
   6.4289410e+16   4.6632875e+01   4.0028269e+07
   6.4531190e+16   4.6458155e+01   3.2038413e+07
   6.4772969e+16   4.6284740e+01   2.5642511e+07
   6.5014749e+16   4.6112614e+01   2.0522753e+07
   6.5256528e+16   4.5941764e+01   1.6424655e+07
   6.5498308e+16   4.5772175e+01   1.3144456e+07
   6.5740087e+16   4.5603834e+01   1.0519007e+07
   6.5981867e+16   4.5436726e+01   8.4176879e+06
   6.6223646e+16   4.5270839e+01   6.7359194e+06
   6.6465426e+16   4.5106158e+01   5.3899787e+06
   6.6707205e+16   4.4942671e+01   4.3128408e+06
   6.6948985e+16   4.4780366e+01   3.4508502e+06
   6.7190764e+16   4.4619228e+01   2.7610558e+06
   6.7432544e+16   4.4459245e+01   2.2090765e+06
   6.7674323e+16   4.4300406e+01   1.7673921e+06
   6.7916103e+16   4.4142698e+01   1.4139751e+06
   6.8157882e+16   4.3986109e+01   1.1311947e+06
   6.8399662e+16   4.3830626e+01   9.0494017e+05
   6.8641441e+16   4.3676239e+01   7.2391790e+05
   6.8883221e+16   4.3522936e+01   5.7908966e+05
   6.9125000e+16   4.3370705e+01   4.6322229e+05
   6.9366779e+16   4.3219536e+01   3.7052738e+05
   6.9608559e+16   4.3069416e+01   2.9637290e+05
   6.9850338e+16   4.2920336e+01   2.3705224e+05
   7.0092118e+16   4.2772284e+01   1.8959947e+05
   7.0333897e+16   4.2625251e+01   1.5164138e+05
   7.0575677e+16   4.2479224e+01   1.2127912e+05
   7.0817456e+16   4.2334195e+01   9.6993367e+04
   7.1059236e+16   4.2190152e+01   7.7568585e+04
   7.1301015e+16   4.2047087e+01   6.2032260e+04
   7.1542795e+16   4.1904988e+01   4.9606355e+04
   7.1784574e+16   4.1763847e+01   3.9668437e+04
   7.2026354e+16   4.1623653e+01   3.1720571e+04
   7.2268133e+16   4.1484398e+01   2.5364430e+04
   7.2509913e+16   4.1346071e+01   2.0281381e+04
   7.2751692e+16   4.1208663e+01   1.6216544e+04
   7.2993472e+16   4.1072166e+01   1.2966046e+04
   7.3235251e+16   4.0936570e+01   1.0366814e+04
   7.3477031e+16   4.0801866e+01   8.2884179e+03
   7.3718810e+16   4.0668046e+01   6.6265374e+03
   7.3960590e+16   4.0535101e+01   5.2977371e+03
   7.4202369e+16   4.0403022e+01   4.2352882e+03
   7.4444149e+16   4.0271802e+01   3.3858243e+03
   7.4685928e+16   4.0141430e+01   2.7066670e+03
   7.4927708e+16   4.0011901e+01   2.1636861e+03
   7.5169487e+16   3.9883204e+01   1.7295884e+03
   7.5411267e+16   3.9755333e+01   1.3825488e+03
   7.5653046e+16   3.9628279e+01   1.1051148e+03
   7.5894826e+16   3.9502034e+01   8.8333126e+02
   7.6136605e+16   3.9376591e+01   7.0603980e+02
   7.6378385e+16   3.9251943e+01   5.6431838e+02
   7.6620164e+16   3.9128081e+01   4.5103341e+02
   7.6861944e+16   3.9004998e+01   3.6048134e+02
   7.7103723e+16   3.8882688e+01   2.8810214e+02
   7.7345503e+16   3.8761142e+01   2.3025013e+02
   7.7587282e+16   3.8640353e+01   1.8401068e+02
   7.7829062e+16   3.8520315e+01   1.4705371e+02
   7.8070841e+16   3.8401021e+01   1.1751650e+02
   7.8312621e+16   3.8282463e+01   9.3909951e+01
   7.8554400e+16   3.8164635e+01   7.5043727e+01
   7.8796180e+16   3.8047530e+01   5.9966298e+01
   7.9037959e+16   3.7931141e+01   4.7917065e+01
   7.9279739e+16   3.7815463e+01   3.8288059e+01
   7.9521518e+16   3.7700487e+01   3.0593329e+01
   7.9763298e+16   3.7586209e+01   2.4444458e+01
   8.0005077e+16   3.7472622e+01   1.9530999e+01
   8.0246857e+16   3.7359719e+01   1.5604825e+01
   8.0488636e+16   3.7247494e+01   1.2467628e+01
   8.0730416e+16   3.7135941e+01   9.9609159e+00
   8.0972195e+16   3.7025055e+01   7.9580251e+00
   8.1213975e+16   3.6914829e+01   6.3577283e+00
   8.1455754e+16   3.6805257e+01   5.0791299e+00
   8.1697534e+16   3.6696334e+01   4.0575831e+00
   8.1939313e+16   3.6588054e+01   3.2414275e+00
   8.2181093e+16   3.6480410e+01   2.5893817e+00
   8.2422872e+16   3.6373399e+01   2.0684581e+00
   8.2664652e+16   3.6267013e+01   1.6522979e+00
   8.2906431e+16   3.6161248e+01   1.3198390e+00
   8.3148211e+16   3.6056098e+01   1.0542525e+00
   8.3389990e+16   3.5951557e+01   8.4209181e-01
   8.3631770e+16   3.5847621e+01   6.7261323e-01
   8.3873549e+16   3.5744284e+01   5.3723287e-01
   8.4115329e+16   3.5641542e+01   4.2909259e-01
   8.4357108e+16   3.5539388e+01   3.4271314e-01
   8.4598888e+16   3.5437818e+01   2.7371706e-01
   8.4840667e+16   3.5336827e+01   2.1860716e-01
   8.5082447e+16   3.5236410e+01   1.7458960e-01
   8.5324226e+16   3.5136562e+01   1.3943244e-01
   8.5566006e+16   3.5037279e+01   1.1135273e-01
   8.5807785e+16   3.4938555e+01   8.8926153e-02
   8.6049565e+16   3.4840385e+01   7.1014950e-02
   8.6291344e+16   3.4742766e+01   5.6710275e-02
   8.6533124e+16   3.4645693e+01   4.5286156e-02
   8.6774903e+16   3.4549160e+01   3.6162709e-02
   8.7016683e+16   3.4453164e+01   2.8876747e-02
   8.7258462e+16   3.4357699e+01   2.3058310e-02
   8.7500242e+16   3.4262762e+01   1.8411899e-02
   8.7742021e+16   3.4168349e+01   1.4701500e-02
   8.7983801e+16   3.4074454e+01   1.1738611e-02
   8.8225580e+16   3.3981074e+01   9.3726813e-03
   8.8467360e+16   3.3888205e+01   7.4834707e-03
   8.8709139e+16   3.3795841e+01   5.9749518e-03
   8.8950919e+16   3.3703980e+01   4.7704344e-03
   8.9192698e+16   3.3612617e+01   3.8086729e-03
   8.9434478e+16   3.3521748e+01   3.0407567e-03
   8.9676257e+16   3.3431368e+01   2.4276271e-03
   8.9918037e+16   3.3341475e+01   1.9380930e-03
   9.0159816e+16   3.3252064e+01   1.5472469e-03
   9.0401596e+16   3.3163131e+01   1.2351994e-03
   9.0643375e+16   3.3074673e+01   9.8606824e-04
   9.0885155e+16   3.2986685e+01   7.8717153e-04
   9.1126934e+16   3.2899165e+01   6.2838284e-04
   9.1368714e+16   3.2812107e+01   5.0161653e-04
   9.1610493e+16   3.2725509e+01   4.0041652e-04
   9.1852273e+16   3.2639367e+01   3.1962797e-04
   9.2094052e+16   3.2553677e+01   2.5513513e-04
   9.2335832e+16   3.2468436e+01   2.0365191e-04
   9.2577611e+16   3.2383640e+01   1.6255468e-04
   9.2819391e+16   3.2299285e+01   1.2974878e-04
   9.3061170e+16   3.2215370e+01   1.0356188e-04
   9.3302950e+16   3.2131889e+01   8.2658865e-05
   9.3544729e+16   3.2048839e+01   6.5973857e-05
   9.3786509e+16   3.1966218e+01   5.2655927e-05
   9.4028288e+16   3.1884022e+01   4.2025766e-05
   9.4270068e+16   3.1802247e+01   3.3541079e-05
   9.4511847e+16   3.1720891e+01   2.6768960e-05
   9.4753627e+16   3.1639950e+01   2.1363827e-05
   9.4995406e+16   3.1559421e+01   1.7049817e-05
   9.5237186e+16   3.1479301e+01   1.3606724e-05
   9.5478965e+16   3.1399586e+01   1.0858769e-05
   9.5720745e+16   3.1320275e+01   8.6656446e-06
   9.5962524e+16   3.1241362e+01   6.9153539e-06
   9.6204304e+16   3.1162847e+01   5.5185024e-06
   9.6446083e+16   3.1084725e+01   4.4037373e-06
   9.6687863e+16   3.1006994e+01   3.5141066e-06
   9.6929642e+16   3.0929651e+01   2.8041539e-06
   9.7171422e+16   3.0852693e+01   2.2375987e-06
   9.7413201e+16   3.0776116e+01   1.7854842e-06
   9.7654981e+16   3.0699919e+01   1.4246997e-06
   9.7896760e+16   3.0624098e+01   1.1368002e-06
   9.8138540e+16   3.0548651e+01   9.0706528e-07
   9.8380319e+16   3.0473575e+01   7.2374657e-07
   9.8622099e+16   3.0398866e+01   5.7746825e-07
   9.8863878e+16   3.0324524e+01   4.6074789e-07
   9.9105658e+16   3.0250543e+01   3.6761420e-07
   9.9347437e+16   3.0176923e+01   2.9330192e-07
   9.9589217e+16   3.0103661e+01   2.3400831e-07
   9.9830996e+16   3.0030753e+01   1.8669876e-07
   1.0007278e+17   2.9958198e+01   1.4895167e-07
   1.0031456e+17   2.9885992e+01   1.1883467e-07
   1.0055633e+17   2.9814134e+01   9.4805774e-08
   1.0079811e+17   2.9742620e+01   7.5634564e-08
   1.0103989e+17   2.9671449e+01   6.0339228e-08
   1.0128167e+17   2.9600617e+01   4.8136348e-08
   1.0152345e+17   2.9530123e+01   3.8400820e-08
   1.0176523e+17   2.9459963e+01   3.0633869e-08
   1.0200701e+17   2.9390137e+01   2.4437527e-08
   1.0224879e+17   2.9320640e+01   1.9494258e-08
   1.0249057e+17   2.9251471e+01   1.5550711e-08
   1.0273235e+17   2.9182628e+01   1.2404746e-08
   1.0297413e+17   2.9114109e+01   9.8950884e-09
   1.0321591e+17   2.9045910e+01   7.8930643e-09
   1.0345769e+17   2.8978030e+01   6.2960156e-09
   1.0369947e+17   2.8910467e+01   5.0220400e-09
   1.0394125e+17   2.8843217e+01   4.0057957e-09
   1.0418303e+17   2.8776280e+01   3.1951533e-09
   1.0442481e+17   2.8709653e+01   2.5485250e-09
   1.0466659e+17   2.8643334e+01   2.0327334e-09
   1.0490837e+17   2.8577321e+01   1.6213109e-09
   1.0515015e+17   2.8511611e+01   1.2931430e-09
   1.0539192e+17   2.8446202e+01   1.0313860e-09
   1.0563370e+17   2.8381093e+01   8.2260305e-10
   1.0587548e+17   2.8316282e+01   6.5607556e-10
   1.0611726e+17   2.8251765e+01   5.2325319e-10
   1.0635904e+17   2.8187542e+01   4.1731540e-10
   1.0660082e+17   2.8123611e+01   3.3282157e-10
   1.0684260e+17   2.8059968e+01   2.6543188e-10
   1.0708438e+17   2.7996613e+01   2.1168460e-10
   1.0732616e+17   2.7933544e+01   1.6881851e-10
   1.0756794e+17   2.7870758e+01   1.3463112e-10
   1.0780972e+17   2.7808253e+01   1.0736569e-10
   1.0805150e+17   2.7746029e+01   8.5620996e-11
   1.0829328e+17   2.7684082e+01   6.8279403e-11
   1.0853506e+17   2.7622411e+01   5.4449496e-11
   1.0877684e+17   2.7561015e+01   4.3420294e-11
   1.0901862e+17   2.7499890e+01   3.4624733e-11
   1.0926040e+17   2.7439036e+01   2.7610539e-11
   1.0950218e+17   2.7378451e+01   2.2017000e-11
   1.0974396e+17   2.7318133e+01   1.7556431e-11
   1.0998574e+17   2.7258080e+01   1.3999393e-11
   1.1022751e+17   2.7198291e+01   1.1162900e-11
   1.1046929e+17   2.7138763e+01   8.9010200e-12
   1.1071107e+17   2.7079495e+01   7.0973698e-12
   1.1095285e+17   2.7020486e+01   5.6591348e-12
   1.1119463e+17   2.6961733e+01   4.5122963e-12
   1.1143641e+17   2.6903235e+01   3.5978262e-12
   1.1167819e+17   2.6844991e+01   2.8686512e-12
   1.1191997e+17   2.6786998e+01   2.2872327e-12
   1.1216175e+17   2.6729255e+01   1.8236354e-12
   1.1240353e+17   2.6671760e+01   1.4539877e-12
   1.1264531e+17   2.6614513e+01   1.1592539e-12
   1.1288709e+17   2.6557510e+01   9.2425433e-13
   1.1312887e+17   2.6500751e+01   7.3688475e-13
   1.1337065e+17   2.6444234e+01   5.8749314e-13
   1.1361243e+17   2.6387958e+01   4.6838309e-13
   1.1385421e+17   2.6331921e+01   3.7341763e-13
   1.1409599e+17   2.6276121e+01   2.9770329e-13
   1.1433777e+17   2.6220558e+01   2.3733823e-13
   1.1457955e+17   2.6165229e+01   1.8921127e-13
   1.1482132e+17   2.6110132e+01   1.5084177e-13
   1.1506310e+17   2.6055268e+01   1.2025177e-13
   1.1530488e+17   2.6000633e+01   9.5864255e-14
   1.1554666e+17   2.5946227e+01   7.6421796e-14
   1.1578844e+17   2.5892049e+01   6.0921858e-14
   1.1603022e+17   2.5838096e+01   4.8565114e-14
   1.1627200e+17   2.5784367e+01   3.8714270e-14
   1.1651378e+17   2.5730862e+01   3.0861224e-14
   1.1675556e+17   2.5677578e+01   2.4600880e-14
   1.1699734e+17   2.5624514e+01   1.9610271e-14
   1.1723912e+17   2.5571669e+01   1.5631909e-14
   1.1748090e+17   2.5519042e+01   1.2460513e-14
   1.1772268e+17   2.5466631e+01   9.9324262e-15
   1.1796446e+17   2.5414434e+01   7.9171757e-15
   1.1820624e+17   2.5362452e+01   6.3107469e-15
   1.1844802e+17   2.5310681e+01   5.0302179e-15
   1.1868980e+17   2.5259121e+01   4.0094833e-15
   1.1893158e+17   2.5207771e+01   3.1958443e-15
   1.1917336e+17   2.5156630e+01   2.5472903e-15
   1.1941514e+17   2.5105695e+01   2.0303312e-15
   1.1965691e+17   2.5054967e+01   1.6182700e-15
   1.1989869e+17   2.5004442e+01   1.2898249e-15
   1.2014047e+17   2.4954122e+01   1.0280310e-15
   1.2038225e+17   2.4904003e+01   8.1936486e-16
   1.2062403e+17   2.4854085e+01   6.5304663e-16
   1.2086581e+17   2.4804367e+01   5.2048328e-16
   1.2110759e+17   2.4754848e+01   4.1482520e-16
   1.2134937e+17   2.4705526e+01   3.3061248e-16
   1.2159115e+17   2.4656400e+01   2.6349303e-16
   1.2183293e+17   2.4607469e+01   2.0999784e-16
   1.2207471e+17   2.4558731e+01   1.6736180e-16
   1.2231649e+17   2.4510187e+01   1.3338091e-16
   1.2255827e+17   2.4461834e+01   1.0629844e-16
   1.2280005e+17   2.4413671e+01   8.4714144e-17
   1.2304183e+17   2.4365698e+01   6.7511983e-17
   1.2328361e+17   2.4317913e+01   5.3802407e-17
   1.2352539e+17   2.4270315e+01   4.2876414e-17
   1.2376717e+17   2.4222902e+01   3.4168911e-17
   1.2400895e+17   2.4175675e+01   2.7229506e-17
   1.2425073e+17   2.4128632e+01   2.1699231e-17
   1.2449250e+17   2.4081771e+01   1.7291987e-17
   1.2473428e+17   2.4035092e+01   1.3779754e-17
   1.2497606e+17   2.3988594e+01   1.0980801e-17
   1.2521784e+17   2.3942275e+01   8.7502929e-18
   1.2545962e+17   2.3896134e+01   6.9728000e-18
   1.2570140e+17   2.3850171e+01   5.5563281e-18
   1.2594318e+17   2.3804385e+01   4.4275617e-18
   1.2618496e+17   2.3758774e+01   3.5280720e-18
   1.2642674e+17   2.3713338e+01   2.8112946e-18
   1.2666852e+17   2.3668075e+01   2.2401205e-18
   1.2691030e+17   2.3622984e+01   1.7849767e-18
   1.2715208e+17   2.3578065e+01   1.4222955e-18
   1.2739386e+17   2.3533317e+01   1.1332958e-18
   1.2763564e+17   2.3488737e+01   9.0301073e-19
   1.2787742e+17   2.3444327e+01   7.1951312e-19
   1.2811920e+17   2.3400084e+01   5.7329839e-19
   1.2836098e+17   2.3356008e+01   4.5679248e-19
   1.2860276e+17   2.3312098e+01   3.6395978e-19
   1.2884454e+17   2.3268352e+01   2.8999070e-19
   1.2908632e+17   2.3224770e+01   2.3105268e-19
   1.2932809e+17   2.3181351e+01   1.8409171e-19
   1.2956987e+17   2.3138095e+01   1.4667420e-19
   1.2981165e+17   2.3094999e+01   1.1686098e-19
   1.3005343e+17   2.3052063e+01   9.3106844e-20
   1.3029521e+17   2.3009287e+01   7.4180546e-20
   1.3053699e+17   2.2966670e+01   5.9100994e-20
   1.3077877e+17   2.2924210e+01   4.7086444e-20
   1.3102055e+17   2.2881906e+01   3.7514000e-20
   1.3126233e+17   2.2839759e+01   2.9887337e-20
   1.3150411e+17   2.2797767e+01   2.3810991e-20
   1.3174589e+17   2.2755928e+01   1.8969859e-20
   1.3198767e+17   2.2714243e+01   1.5112878e-20
   1.3222945e+17   2.2672710e+01   1.2040005e-20
   1.3247123e+17   2.2631329e+01   9.5918546e-21
   1.3271301e+17   2.2590099e+01   7.6414359e-21
   1.3295479e+17   2.2549019e+01   6.0875681e-21
   1.3319657e+17   2.2508088e+01   4.8496363e-21
   1.3343835e+17   2.2467305e+01   3.8634117e-21
   1.3368013e+17   2.2426670e+01   3.0777216e-21
   1.3392191e+17   2.2386181e+01   2.4517952e-21
   1.3416368e+17   2.2345838e+01   1.9531499e-21
   1.3440546e+17   2.2305641e+01   1.5559065e-21
   1.3464724e+17   2.2265588e+01   1.2394470e-21
   1.3488902e+17   2.2225678e+01   9.8734521e-22
   1.3513080e+17   2.2185911e+01   7.8651436e-22
   1.3537258e+17   2.2146287e+01   6.2652856e-22
   1.3561436e+17   2.2106803e+01   4.9908176e-22
   1.3585614e+17   2.2067460e+01   3.9755676e-22
   1.3609792e+17   2.2028257e+01   3.1668188e-22
   1.3633970e+17   2.1989193e+01   2.5225740e-22
   1.3658148e+17   2.1950267e+01   2.0093763e-22
   1.3682326e+17   2.1911479e+01   1.6005723e-22
   1.3706504e+17   2.1872828e+01   1.2749290e-22
   1.3730682e+17   2.1834313e+01   1.0155315e-22
   1.3754860e+17   2.1795933e+01   8.0890491e-23
   1.3779038e+17   2.1757688e+01   6.4431503e-23
   1.3803216e+17   2.1719577e+01   5.1321079e-23
   1.3827394e+17   2.1681599e+01   4.0878036e-23
   1.3851572e+17   2.1643753e+01   3.2559746e-23
   1.3875750e+17   2.1606040e+01   2.5933955e-23
   1.3899927e+17   2.1568458e+01   2.0656335e-23
   1.3924105e+17   2.1531006e+01   1.6452600e-23
   1.3948283e+17   2.1493684e+01   1.3104264e-23
   1.3972461e+17   2.1456492e+01   1.0437284e-23
   1.3996639e+17   2.1419428e+01   8.3130269e-24
   1.4020817e+17   2.1382491e+01   6.6210626e-24
   1.4044995e+17   2.1345682e+01   5.2734281e-24
   1.4069173e+17   2.1308999e+01   4.2000572e-24
   1.4093351e+17   2.1272442e+01   3.3451396e-24
   1.4117529e+17   2.1236011e+01   2.6642204e-24
   1.4141707e+17   2.1199704e+01   2.1218902e-24
   1.4165885e+17   2.1163521e+01   1.6899450e-24
   1.4190063e+17   2.1127461e+01   1.3459196e-24
   1.4214241e+17   2.1091524e+01   1.0719205e-24
   1.4238419e+17   2.1055709e+01   8.5369545e-25
   1.4262597e+17   2.1020015e+01   6.7989253e-25
   1.4286775e+17   2.0984442e+01   5.4147014e-25
   1.4310953e+17   2.0948990e+01   4.3122676e-25
   1.4335131e+17   2.0913657e+01   3.4342654e-25
   1.4359309e+17   2.0878443e+01   2.7350103e-25
   1.4383486e+17   2.0843347e+01   2.1781163e-25
   1.4407664e+17   2.0808369e+01   1.7346032e-25
   1.4431842e+17   2.0773509e+01   1.3813897e-25
   1.4456020e+17   2.0738764e+01   1.1000928e-25
   1.4480198e+17   2.0704136e+01   8.7607123e-26
   1.4504376e+17   2.0669624e+01   6.9766438e-26
   1.4528554e+17   2.0635226e+01   5.5558527e-26
   1.4552732e+17   2.0600943e+01   4.4243752e-26
   1.4576910e+17   2.0566773e+01   3.5233048e-26
   1.4601088e+17   2.0532716e+01   2.8057280e-26
   1.4625266e+17   2.0498773e+01   2.2342820e-26
   1.4649444e+17   2.0464941e+01   1.7792112e-26
   1.4673622e+17   2.0431220e+01   1.4168181e-26
   1.4697800e+17   2.0397611e+01   1.1282304e-26
   1.4721978e+17   2.0364112e+01   8.9841837e-27
   1.4746156e+17   2.0330723e+01   7.1541258e-27
   1.4770334e+17   2.0297443e+01   5.6968089e-27
   1.4794512e+17   2.0264272e+01   4.5363220e-27
   1.4818690e+17   2.0231209e+01   3.6122121e-27
   1.4842868e+17   2.0198253e+01   2.8763371e-27
   1.4867045e+17   2.0165405e+01   2.2903586e-27
   1.4891223e+17   2.0132664e+01   1.8237461e-27
   1.4915401e+17   2.0100029e+01   1.4521866e-27
   1.4939579e+17   2.0067499e+01   1.1563191e-27
   1.4963757e+17   2.0035075e+01   9.2072552e-28
   1.4987935e+17   2.0002755e+01   7.3312811e-28
   1.5012113e+17   1.9970540e+01   5.8374986e-28
   1.5036291e+17   1.9938427e+01   4.6480515e-28
   1.5060469e+17   1.9906419e+01   3.7009424e-28
   1.5084647e+17   1.9874512e+01   2.9468021e-28
   1.5108825e+17   1.9842708e+01   2.3463180e-28
   1.5133003e+17   1.9811005e+01   1.8681857e-28
   1.5157181e+17   1.9779404e+01   1.4874777e-28
   1.5181359e+17   1.9747903e+01   1.1843449e-28
   1.5205537e+17   1.9716502e+01   9.4298162e-29
   1.5229715e+17   1.9685201e+01   7.5080223e-29
   1.5253893e+17   1.9654000e+01   5.9778524e-29
   1.5278071e+17   1.9622897e+01   4.7595089e-29
   1.5302249e+17   1.9591892e+01   3.7894522e-29
   1.5326426e+17   1.9560985e+01   3.0170885e-29
   1.5350604e+17   1.9530176e+01   2.4021328e-29
   1.5374782e+17   1.9499463e+01   1.9125083e-29
   1.5398960e+17   1.9468847e+01   1.5226743e-29
   1.5423138e+17   1.9438327e+01   1.2122943e-29
   1.5447316e+17   1.9407902e+01   9.6517592e-30
   1.5471494e+17   1.9377572e+01   7.6842641e-30
   1.5495672e+17   1.9347338e+01   6.1178030e-30
   1.5519850e+17   1.9317197e+01   4.8706407e-30
   1.5544028e+17   1.9287150e+01   3.8776991e-30
   1.5568206e+17   1.9257196e+01   3.0871628e-30
   1.5592384e+17   1.9227336e+01   2.4577765e-30
   1.5616562e+17   1.9197567e+01   1.9566930e-30
   1.5640740e+17   1.9167891e+01   1.5577595e-30
   1.5664918e+17   1.9138307e+01   1.2401539e-30
   1.5689096e+17   1.9108813e+01   9.8729794e-31
   1.5713274e+17   1.9079411e+01   7.8599238e-31
   1.5737452e+17   1.9050098e+01   6.2572846e-31
   1.5761630e+17   1.9020876e+01   4.9813948e-31
   1.5785808e+17   1.8991743e+01   3.9656420e-31
   1.5809985e+17   1.8962699e+01   3.1569924e-31
   1.5834163e+17   1.8933744e+01   2.5132233e-31
   1.5858341e+17   1.8904877e+01   2.0007192e-31
   1.5882519e+17   1.8876099e+01   1.5927173e-31
   1.5906697e+17   1.8847407e+01   1.2679111e-31
   1.5930875e+17   1.8818803e+01   1.0093375e-31
   1.5955053e+17   1.8790285e+01   8.0349207e-32
   1.5979231e+17   1.8761854e+01   6.3962335e-32
   1.6003409e+17   1.8733508e+01   5.0917208e-32
   1.6027587e+17   1.8705249e+01   4.0532409e-32
   1.6051765e+17   1.8677074e+01   3.2265457e-32
   1.6075943e+17   1.8648984e+01   2.5684481e-32
   1.6100121e+17   1.8620978e+01   2.0445671e-32
   1.6124299e+17   1.8593057e+01   1.6275319e-32
   1.6148477e+17   1.8565218e+01   1.2955533e-32
   1.6172655e+17   1.8537464e+01   1.0312848e-32
   1.6196833e+17   1.8509792e+01   8.2091767e-33
   1.6221011e+17   1.8482202e+01   6.5345878e-33
   1.6245189e+17   1.8454695e+01   5.2015696e-33
   1.6269367e+17   1.8427269e+01   4.1404569e-33
   1.6293544e+17   1.8399925e+01   3.2957918e-33
   1.6317722e+17   1.8372662e+01   2.6234265e-33
   1.6341900e+17   1.8345480e+01   2.0882174e-33
   1.6366078e+17   1.8318377e+01   1.6621881e-33
   1.6390256e+17   1.8291355e+01   1.3230684e-33
   1.6414434e+17   1.8264413e+01   1.0531303e-33
   1.6438612e+17   1.8237549e+01   8.3826160e-34
   1.6462790e+17   1.8210765e+01   6.6722874e-34
   1.6486968e+17   1.8184059e+01   5.3108938e-34
   1.6511146e+17   1.8157431e+01   4.2272524e-34
   1.6535324e+17   1.8130882e+01   3.3647009e-34
   1.6559502e+17   1.8104409e+01   2.6781350e-34
   1.6583680e+17   1.8078014e+01   2.1316514e-34
   1.6607858e+17   1.8051696e+01   1.6966709e-34
   1.6632036e+17   1.8025454e+01   1.3504447e-34
   1.6656214e+17   1.7999289e+01   1.0748645e-34
   1.6680392e+17   1.7973199e+01   8.5551651e-35
   1.6704570e+17   1.7947185e+01   6.8092742e-35
   1.6728748e+17   1.7921246e+01   5.4196471e-35
   1.6752926e+17   1.7895382e+01   4.3135910e-35
   1.6777103e+17   1.7869592e+01   3.4332442e-35
   1.6801281e+17   1.7843877e+01   2.7325505e-35
   1.6825459e+17   1.7818236e+01   2.1748509e-35
   1.6849637e+17   1.7792668e+01   1.7309662e-35
   1.6873815e+17   1.7767173e+01   1.3776709e-35
   1.6897993e+17   1.7741752e+01   1.0964786e-35
   1.6922171e+17   1.7716403e+01   8.7267528e-36
   1.6946349e+17   1.7691126e+01   6.9454917e-36
   1.6970527e+17   1.7665922e+01   5.5277850e-36
   1.6994705e+17   1.7640789e+01   4.3994372e-36
   1.7018883e+17   1.7615727e+01   3.5013936e-36
   1.7043061e+17   1.7590737e+01   2.7866511e-36
   1.7067239e+17   1.7565817e+01   2.2177986e-36
   1.7091417e+17   1.7540968e+01   1.7650599e-36
   1.7115595e+17   1.7516189e+01   1.4047359e-36
   1.7139773e+17   1.7491480e+01   1.1179639e-36
   1.7163951e+17   1.7466841e+01   8.8973101e-37
   1.7188129e+17   1.7442271e+01   7.0808854e-37
   1.7212307e+17   1.7417770e+01   5.6352643e-37
   1.7236485e+17   1.7393338e+01   4.4847569e-37
   1.7260662e+17   1.7368974e+01   3.5691222e-37
   1.7284840e+17   1.7344678e+01   2.8404152e-37
   1.7309018e+17   1.7320451e+01   2.2604773e-37
   1.7333196e+17   1.7296291e+01   1.7989387e-37
   1.7357374e+17   1.7272198e+01   1.4316291e-37
   1.7381552e+17   1.7248172e+01   1.1393118e-37
   1.7405730e+17   1.7224213e+01   9.0667703e-38
   1.7429908e+17   1.7200320e+01   7.2154024e-38
   1.7454086e+17   1.7176494e+01   5.7420431e-38
   1.7478264e+17   1.7152733e+01   4.5695168e-38
   1.7502442e+17   1.7129038e+01   3.6364035e-38
   1.7526620e+17   1.7105409e+01   2.8938220e-38
   1.7550798e+17   1.7081844e+01   2.3028706e-38
   1.7574976e+17   1.7058345e+01   1.8325896e-38
   1.7599154e+17   1.7034910e+01   1.4583403e-38
   1.7623332e+17   1.7011539e+01   1.1605143e-38
   1.7647510e+17   1.6988233e+01   9.2350689e-39
   1.7671688e+17   1.6964990e+01   7.3489918e-39
   1.7695866e+17   1.6941810e+01   5.8480810e-39
   1.7720044e+17   1.6918694e+01   4.6536852e-39
   1.7744221e+17   1.6895641e+01   3.7032125e-39
   1.7768399e+17   1.6872651e+01   2.9468516e-39
   1.7792577e+17   1.6849723e+01   2.3449627e-39
   1.7816755e+17   1.6826857e+01   1.8659999e-39
   1.7840933e+17   1.6804054e+01   1.4848594e-39
   1.7865111e+17   1.6781312e+01   1.1815636e-39
   1.7889289e+17   1.6758631e+01   9.4021437e-40
   1.7913467e+17   1.6736012e+01   7.4816041e-40
   1.7937645e+17   1.6713454e+01   5.9533390e-40
   1.7961823e+17   1.6690956e+01   4.7372310e-40
   1.7986001e+17   1.6668519e+01   3.7695245e-40
   1.8010179e+17   1.6646142e+01   2.9994847e-40
   1.8034357e+17   1.6623825e+01   2.3867382e-40
   1.8058535e+17   1.6601568e+01   1.8991576e-40
   1.8082713e+17   1.6579371e+01   1.5111769e-40
   1.8106891e+17   1.6557233e+01   1.2024519e-40
   1.8131069e+17   1.6535153e+01   9.5679346e-41
   1.8155247e+17   1.6513133e+01   7.6131919e-41
   1.8179425e+17   1.6491171e+01   6.0577795e-41
   1.8203603e+17   1.6469268e+01   4.8201245e-41
   1.8227780e+17   1.6447422e+01   3.8353161e-41
   1.8251958e+17   1.6425635e+01   3.0517024e-41
   1.8276136e+17   1.6403905e+01   2.4281825e-41
   1.8300314e+17   1.6382232e+01   1.9320510e-41
   1.8324492e+17   1.6360617e+01   1.5372836e-41
   1.8348670e+17   1.6339059e+01   1.2231720e-41
   1.8372848e+17   1.6317557e+01   9.7323835e-42
   1.8397026e+17   1.6296112e+01   7.7437093e-42
   1.8421204e+17   1.6274723e+01   6.1613662e-42
   1.8445382e+17   1.6253391e+01   4.9023369e-42
   1.8469560e+17   1.6232114e+01   3.9005644e-42
   1.8493738e+17   1.6210893e+01   3.1034869e-42
   1.8517916e+17   1.6189727e+01   2.4692812e-42
   1.8542094e+17   1.6168616e+01   1.9646688e-42
   1.8566272e+17   1.6147561e+01   1.5631705e-42
   1.8590450e+17   1.6126560e+01   1.2437168e-42
   1.8614628e+17   1.6105614e+01   9.8954347e-43
   1.8638806e+17   1.6084722e+01   7.8731121e-43
   1.8662984e+17   1.6063884e+01   6.2640641e-43
   1.8687162e+17   1.6043100e+01   4.9838407e-43
   1.8711339e+17   1.6022370e+01   3.9652476e-43
   1.8735517e+17   1.6001693e+01   3.1548208e-43
   1.8759695e+17   1.5981070e+01   2.5100206e-43
   1.8783873e+17   1.5960499e+01   1.9970002e-43
   1.8808051e+17   1.5939982e+01   1.5888290e-43
   1.8832229e+17   1.5919517e+01   1.2640796e-43
   1.8856407e+17   1.5899105e+01   1.0057035e-43
   1.8880585e+17   1.5878745e+01   8.0013578e-44
   1.8904763e+17   1.5858437e+01   6.3658395e-44
   1.8928941e+17   1.5838181e+01   5.0646091e-44
   1.8953119e+17   1.5817977e+01   4.0293447e-44
   1.8977297e+17   1.5797824e+01   3.2056875e-44
   1.9001475e+17   1.5777723e+01   2.5503876e-44
   1.9025653e+17   1.5757672e+01   2.0290347e-44
   1.9049831e+17   1.5737673e+01   1.6142509e-44
   1.9074009e+17   1.5717724e+01   1.2842538e-44
   1.9098187e+17   1.5697825e+01   1.0217131e-44
   1.9122365e+17   1.5677977e+01   8.1284055e-45
   1.9146543e+17   1.5658179e+01   6.4666602e-45
   1.9170721e+17   1.5638432e+01   5.1446166e-45
   1.9194898e+17   1.5618733e+01   4.0928354e-45
   1.9219076e+17   1.5599085e+01   3.2560709e-45
   1.9243254e+17   1.5579485e+01   2.5903695e-45
   1.9267432e+17   1.5559935e+01   2.0607623e-45
   1.9291610e+17   1.5540434e+01   1.6394282e-45
   1.9315788e+17   1.5520982e+01   1.3042331e-45
   1.9339966e+17   1.5501578e+01   1.0375675e-45
   1.9364144e+17   1.5482223e+01   8.2542159e-46
   1.9388322e+17   1.5462916e+01   6.5664950e-46
   1.9412500e+17   1.5443657e+01   5.2238386e-46
   1.9436678e+17   1.5424447e+01   4.1557002e-46
   1.9460856e+17   1.5405283e+01   3.3059556e-46
   1.9485034e+17   1.5386168e+01   2.6299542e-46
   1.9509212e+17   1.5367100e+01   2.0921734e-46
   1.9533390e+17   1.5348079e+01   1.6643534e-46
   1.9557568e+17   1.5329105e+01   1.3240115e-46
   1.9581746e+17   1.5310177e+01   1.0532618e-46
   1.9605924e+17   1.5291297e+01   8.3787514e-47
   1.9630102e+17   1.5272463e+01   6.6653142e-47
   1.9654279e+17   1.5253675e+01   5.3022515e-47
   1.9678457e+17   1.5234934e+01   4.2179206e-47
   1.9702635e+17   1.5216239e+01   3.3553270e-47
   1.9726813e+17   1.5197589e+01   2.6691298e-47
   1.9750991e+17   1.5178985e+01   2.1232588e-47
   1.9775169e+17   1.5160427e+01   1.6890191e-47
   1.9799347e+17   1.5141913e+01   1.3435833e-47
   1.9823525e+17   1.5123445e+01   1.0687916e-47
   1.9847703e+17   1.5105022e+01   8.5019758e-48
   1.9871881e+17   1.5086644e+01   6.7630891e-48
   1.9896059e+17   1.5068311e+01   5.3798327e-48
   1.9920237e+17   1.5050022e+01   4.2794785e-48
   1.9944415e+17   1.5031777e+01   3.4041709e-48
   1.9968593e+17   1.5013577e+01   2.7078854e-48
   1.9992771e+17   1.4995420e+01   2.1540096e-48
   2.0016949e+17   1.4977308e+01   1.7134184e-48
   2.0041127e+17   1.4959239e+01   1.3629429e-48
   2.0065305e+17   1.4941213e+01   1.0841523e-48
   2.0089483e+17   1.4923232e+01   8.6238546e-49
   2.0113661e+17   1.4905293e+01   6.8597926e-49
   2.0137838e+17   1.4887397e+01   5.4565607e-49
   2.0162016e+17   1.4869544e+01   4.3403570e-49
   2.0186194e+17   1.4851735e+01   3.4524737e-49
   2.0210372e+17   1.4833967e+01   2.7462101e-49
   2.0234550e+17   1.4816242e+01   2.1844174e-49
   2.0258728e+17   1.4798560e+01   1.7375445e-49
   2.0282906e+17   1.4780919e+01   1.3820850e-49
   2.0307084e+17   1.4763321e+01   1.0993400e-49
   2.0331262e+17   1.4745764e+01   8.7443547e-50
   2.0355440e+17   1.4728250e+01   6.9553983e-50
   2.0379618e+17   1.4710776e+01   5.5324147e-50
   2.0403796e+17   1.4693344e+01   4.4005397e-50
   2.0427974e+17   1.4675954e+01   3.5002226e-50
   2.0452152e+17   1.4658604e+01   2.7840939e-50
   2.0476330e+17   1.4641296e+01   2.2144740e-50
   2.0500508e+17   1.4624028e+01   1.7613911e-50
   2.0524686e+17   1.4606801e+01   1.4010045e-50
   2.0548864e+17   1.4589615e+01   1.1143504e-50
   2.0573042e+17   1.4572468e+01   8.8634445e-51
   2.0597220e+17   1.4555363e+01   7.0498814e-51
   2.0621397e+17   1.4538297e+01   5.6073751e-51
   2.0645575e+17   1.4521271e+01   4.4600110e-51
   2.0669753e+17   1.4504285e+01   3.5474051e-51
   2.0693931e+17   1.4487339e+01   2.8215268e-51
   2.0718109e+17   1.4470432e+01   2.2441718e-51
   2.0742287e+17   1.4453565e+01   1.7849521e-51
   2.0766465e+17   1.4436737e+01   1.4196967e-51
   2.0790643e+17   1.4419948e+01   1.1291799e-51
   2.0814821e+17   1.4403199e+01   8.9810940e-52
   2.0838999e+17   1.4386488e+01   7.1432180e-52
   2.0863177e+17   1.4369815e+01   5.6814229e-52
   2.0887355e+17   1.4353182e+01   4.5187560e-52
   2.0911533e+17   1.4336586e+01   3.5940096e-52
   2.0935711e+17   1.4320030e+01   2.8584997e-52
   2.0959889e+17   1.4303511e+01   2.2735035e-52
   2.0984067e+17   1.4287030e+01   1.8082217e-52
   2.1008245e+17   1.4270588e+01   1.4381570e-52
   2.1032423e+17   1.4254183e+01   1.1438248e-52
   2.1056601e+17   1.4237816e+01   9.0972744e-53
   2.1080779e+17   1.4221486e+01   7.2353855e-53
   2.1104956e+17   1.4205194e+01   5.7545403e-53
   2.1129134e+17   1.4188939e+01   4.5767606e-53
   2.1153312e+17   1.4172721e+01   3.6400249e-53
   2.1177490e+17   1.4156541e+01   2.8950036e-53
   2.1201668e+17   1.4140397e+01   2.3024620e-53
   2.1225846e+17   1.4124290e+01   1.8311943e-53
   2.1250024e+17   1.4108219e+01   1.4563810e-53
   2.1274202e+17   1.4092185e+01   1.1582817e-53
   2.1298380e+17   1.4076188e+01   9.2119585e-54
   2.1322558e+17   1.4060227e+01   7.3263623e-54
   2.1346736e+17   1.4044302e+01   5.8267103e-54
   2.1370914e+17   1.4028413e+01   4.6340113e-54
   2.1395092e+17   1.4012560e+01   3.6854403e-54
   2.1419270e+17   1.3996742e+01   2.9310302e-54
   2.1443448e+17   1.3980961e+01   2.3310406e-54
   2.1467626e+17   1.3965215e+01   1.8538647e-54
   2.1491804e+17   1.3949504e+01   1.4743645e-54
   2.1515982e+17   1.3933829e+01   1.1725472e-54
   2.1540160e+17   1.3918188e+01   9.3251205e-55
   2.1564338e+17   1.3902583e+01   7.4161280e-55
   2.1588515e+17   1.3887013e+01   5.8979167e-55
   2.1612693e+17   1.3871478e+01   4.6904953e-55
   2.1636871e+17   1.3855977e+01   3.7302457e-55
   2.1661049e+17   1.3840511e+01   2.9665715e-55
   2.1685227e+17   1.3825080e+01   2.3592332e-55
   2.1709405e+17   1.3809683e+01   1.8762279e-55
   2.1733583e+17   1.3794320e+01   1.4921036e-55
   2.1757761e+17   1.3778991e+01   1.1866183e-55
   2.1781939e+17   1.3763697e+01   9.4367357e-56
   2.1806117e+17   1.3748436e+01   7.5046632e-56
   2.1830295e+17   1.3733209e+01   5.9681442e-56
   2.1854473e+17   1.3718016e+01   4.7462006e-56
   2.1878651e+17   1.3702856e+01   3.7744316e-56
   2.1902829e+17   1.3687730e+01   3.0016200e-56
   2.1927007e+17   1.3672637e+01   2.3870338e-56
   2.1951185e+17   1.3657577e+01   1.8982793e-56
   2.1975363e+17   1.3642551e+01   1.5095947e-56
   2.1999541e+17   1.3627557e+01   1.2004921e-56
   2.2023719e+17   1.3612597e+01   9.5467810e-57
   2.2047897e+17   1.3597669e+01   7.5919496e-57
   2.2072074e+17   1.3582774e+01   6.0373783e-57
   2.2096252e+17   1.3567912e+01   4.8011157e-57
   2.2120430e+17   1.3553082e+01   3.8179889e-57
   2.2144608e+17   1.3538284e+01   3.0361686e-57
   2.2168786e+17   1.3523519e+01   2.4144367e-57
   2.2192964e+17   1.3508786e+01   1.9200144e-57
   2.2217142e+17   1.3494085e+01   1.5268341e-57
   2.2241320e+17   1.3479416e+01   1.2141658e-57
   2.2265498e+17   1.3464779e+01   9.6552345e-58
   2.2289676e+17   1.3450173e+01   7.6779700e-58
   2.2313854e+17   1.3435599e+01   6.1056054e-58
   2.2338032e+17   1.3421057e+01   4.8552298e-58
   2.2362210e+17   1.3406546e+01   3.8609092e-58
   2.2386388e+17   1.3392067e+01   3.0702104e-58
   2.2410566e+17   1.3377619e+01   2.4414365e-58
   2.2434744e+17   1.3363201e+01   1.9414289e-58
   2.2458922e+17   1.3348815e+01   1.5438187e-58
   2.2483100e+17   1.3334460e+01   1.2276367e-58
   2.2507278e+17   1.3320136e+01   9.7620756e-59
   2.2531456e+17   1.3305843e+01   7.7627079e-59
   2.2555633e+17   1.3291580e+01   6.1728126e-59
   2.2579811e+17   1.3277347e+01   4.9085328e-59
   2.2603989e+17   1.3263146e+01   3.9031845e-59
   2.2628167e+17   1.3248974e+01   3.1037393e-59
   2.2652345e+17   1.3234833e+01   2.4680285e-59
   2.2676523e+17   1.3220722e+01   1.9625190e-59
   2.2700701e+17   1.3206641e+01   1.5605452e-59
   2.2724879e+17   1.3192589e+01   1.2409024e-59
   2.2749057e+17   1.3178568e+01   9.8672850e-60
   2.2773235e+17   1.3164577e+01   7.8461483e-60
   2.2797413e+17   1.3150615e+01   6.2389879e-60
   2.2821591e+17   1.3136683e+01   4.9610153e-60
   2.2845769e+17   1.3122780e+01   3.9448072e-60
   2.2869947e+17   1.3108907e+01   3.1367492e-60
   2.2894125e+17   1.3095063e+01   2.4942077e-60
   2.2918303e+17   1.3081248e+01   1.9832809e-60
   2.2942481e+17   1.3067462e+01   1.5770108e-60
   2.2966659e+17   1.3053706e+01   1.2539606e-60
   2.2990837e+17   1.3039978e+01   9.9708444e-61
   2.3015015e+17   1.3026279e+01   7.9282767e-61
   2.3039192e+17   1.3012609e+01   6.3041200e-61
   2.3063370e+17   1.2998967e+01   5.0126682e-61
   2.3087548e+17   1.2985355e+01   3.9857703e-61
   2.3111726e+17   1.2971770e+01   3.1692347e-61
   2.3135904e+17   1.2958214e+01   2.5199700e-61
   2.3160082e+17   1.2944686e+01   2.0037113e-61
   2.3184260e+17   1.2931187e+01   1.5932127e-61
   2.3208438e+17   1.2917715e+01   1.2668092e-61
   2.3232616e+17   1.2904272e+01   1.0072737e-61
   2.3256794e+17   1.2890857e+01   8.0090798e-62
   2.3280972e+17   1.2877469e+01   6.3681983e-62
   2.3305150e+17   1.2864109e+01   5.0634833e-62
   2.3329328e+17   1.2850777e+01   4.0260673e-62
   2.3353506e+17   1.2837473e+01   3.2011906e-62
   2.3377684e+17   1.2824196e+01   2.5453111e-62
   2.3401862e+17   1.2810947e+01   2.0238069e-62
   2.3426040e+17   1.2797724e+01   1.6091485e-62
   2.3450218e+17   1.2784530e+01   1.2794462e-62
   2.3474396e+17   1.2771362e+01   1.0172947e-62
   2.3498574e+17   1.2758221e+01   8.0885451e-63
   2.3522751e+17   1.2745108e+01   6.4312131e-63
   2.3546929e+17   1.2732021e+01   5.1134529e-63
   2.3571107e+17   1.2718961e+01   4.0656921e-63
   2.3595285e+17   1.2705928e+01   3.2326120e-63
   2.3619463e+17   1.2692922e+01   2.5702274e-63
   2.3643641e+17   1.2679942e+01   2.0435647e-63
   2.3667819e+17   1.2666989e+01   1.6248157e-63
   2.3691997e+17   1.2654062e+01   1.2918697e-63
   2.3716175e+17   1.2641162e+01   1.0271460e-63
   2.3740353e+17   1.2628287e+01   8.1666613e-64
   2.3764531e+17   1.2615439e+01   6.4931553e-64
   2.3788709e+17   1.2602618e+01   5.1625697e-64
   2.3812887e+17   1.2589822e+01   4.1046389e-64
   2.3837065e+17   1.2577052e+01   3.2634945e-64
   2.3861243e+17   1.2564308e+01   2.5947152e-64
   2.3885421e+17   1.2551590e+01   2.0629819e-64
   2.3909599e+17   1.2538897e+01   1.6402122e-64
   2.3933777e+17   1.2526230e+01   1.3040779e-64
   2.3957955e+17   1.2513589e+01   1.0368262e-64
   2.3982132e+17   1.2500973e+01   8.2434175e-65
   2.4006310e+17   1.2488383e+01   6.5540165e-65
   2.4030488e+17   1.2475818e+01   5.2108273e-65
   2.4054666e+17   1.2463278e+01   4.1429027e-65
   2.4078844e+17   1.2450764e+01   3.2938340e-65
   2.4103022e+17   1.2438274e+01   2.6187715e-65
   2.4127200e+17   1.2425810e+01   2.0820560e-65
   2.4151378e+17   1.2413370e+01   1.6553360e-65
   2.4175556e+17   1.2400956e+01   1.3160694e-65
   2.4199734e+17   1.2388566e+01   1.0463341e-65
   2.4223912e+17   1.2376201e+01   8.3188041e-66
   2.4248090e+17   1.2363860e+01   6.6137890e-66
   2.4272268e+17   1.2351545e+01   5.2582195e-66
   2.4296446e+17   1.2339253e+01   4.1804787e-66
   2.4320624e+17   1.2326986e+01   3.3236269e-66
   2.4344802e+17   1.2314744e+01   2.6423932e-66
   2.4368980e+17   1.2302526e+01   2.1007848e-66
   2.4393158e+17   1.2290332e+01   1.6701852e-66
   2.4417336e+17   1.2278162e+01   1.3278427e-66
   2.4441514e+17   1.2266016e+01   1.0556686e-66
   2.4465691e+17   1.2253894e+01   8.3928121e-67
   2.4489869e+17   1.2241797e+01   6.6724658e-67
   2.4514047e+17   1.2229723e+01   5.3047408e-67
   2.4538225e+17   1.2217672e+01   4.2173625e-67
   2.4562403e+17   1.2205646e+01   3.3528695e-67
   2.4586581e+17   1.2193643e+01   2.6655776e-67
   2.4610759e+17   1.2181664e+01   2.1191660e-67
   2.4634937e+17   1.2169708e+01   1.6847582e-67
   2.4659115e+17   1.2157776e+01   1.3393965e-67
   2.4683293e+17   1.2145867e+01   1.0648286e-67
   2.4707471e+17   1.2133982e+01   8.4654335e-68
   2.4731649e+17   1.2122119e+01   6.7300406e-68
   2.4755827e+17   1.2110280e+01   5.3503862e-68
   2.4780005e+17   1.2098464e+01   4.2535502e-68
   2.4804183e+17   1.2086671e+01   3.3815590e-68
   2.4828361e+17   1.2074901e+01   2.6883224e-68
   2.4852539e+17   1.2063154e+01   2.1371978e-68
   2.4876717e+17   1.2051430e+01   1.6990535e-68
   2.4900895e+17   1.2039728e+01   1.3507295e-68
   2.4925073e+17   1.2028049e+01   1.0738132e-68
   2.4949250e+17   1.2016393e+01   8.5366609e-69
   2.4973428e+17   1.2004759e+01   6.7865075e-69
   2.4997606e+17   1.1993148e+01   5.3951513e-69
   2.5021784e+17   1.1981560e+01   4.2890382e-69
   2.5045962e+17   1.1969993e+01   3.4096924e-69
   2.5070140e+17   1.1958449e+01   2.7106253e-69
   2.5094318e+17   1.1946928e+01   2.1548784e-69
   2.5118496e+17   1.1935428e+01   1.7130698e-69
   2.5142674e+17   1.1923950e+01   1.3618408e-69
   2.5166852e+17   1.1912495e+01   1.0826215e-69
   2.5191030e+17   1.1901062e+01   8.6064879e-70
   2.5215208e+17   1.1889650e+01   6.8418616e-70
   2.5239386e+17   1.1878260e+01   5.4390320e-70
   2.5263564e+17   1.1866893e+01   4.3238235e-70
   2.5287742e+17   1.1855547e+01   3.4372674e-70
   2.5311920e+17   1.1844222e+01   2.7324844e-70
   2.5336098e+17   1.1832919e+01   2.1722064e-70
   2.5360276e+17   1.1821638e+01   1.7268059e-70
   2.5384454e+17   1.1810378e+01   1.3727295e-70
