#continua
#listed by object number. Excluded regions are delimited by pairs
1200.0 1282.0 1286.0 1314.8 1319.1 1350.0 1362.0 1434.0 1457.0  4100.0 4200.0 4756.0 4770.0 5070.0 5110.0 6057.0 6120.0 6850.0 6900.0 8200.0 8250.0 9000.0
1200.0 1282.0 1286.0 1314.8 1319.1 1350.0 1362.0 1434.0 1457.0  4200.0 4260.0 4700.0 4750.0 5060.0 5090.0 6020.0 6120.0 6800.0 6900.0 8200.0 8250.0 9000.0
1200.0 1283.0 1287.7 1319.0 1325.0 1358.0 1362.0 1427.0 1440.0  4150.0 4200.0 4700.0 4750.0 5070.0 5110.0 6020.0 6120.0 6800.0 6900.0 8200.0 8250.0 9000.0
1200.0 1278.0 1281.0 1316.0 1326.0 1357.0 1362.0 1450.0 1463.0  4200.0 4230.0 4740.0 4755.0 5070.0 5110.0 6020.0 6080.0 6800.0 6900.0 8200.0 8250.0 9000.0
1200.0 1276.0 1286.0 1315.0 1320.0 1350.0 1362.0 1425.0 1440.0  4385.0 4405.0 4730.0 4770.0 5070.0 5110.0 6020.0 6120.0 6800.0 6900.0 8200.0 8250.0 9000.0
1200.0 1272.0 1278.0 1316.0 1320.0 1350.0 1360.0 1432.0 1450.0  4040.0 4080.0 4734.0 4780.0 5090.0 5125.0 6020.0 6120.0 6800.0 6900.0 8200.0 8250.0 9000.0
1200.0 1275.0 1283.0 1315.0 1325.0 1346.0 1355.0 1456.0 1460.0  4390.0 4405.0 4700.0 4715.0 5070.0 5110.0 6020.0 6056.0 6800.0 6900.0 8200.0 8250.0 9000.0
1200.0 1282.0 1286.0 1319.0 1325.0 1350.0 1360.0 1440.0 1451.0  4200.0 4230.0 4700.0 4750.0 5070.0 5100.0 6045.0 6069.0 6800.0 6900.0 8200.0 8250.0 9000.0
1200.0 1282.0 1286.0 1319.0 1324.0 1356.0 1360.0 1440.0 1448.0  4208.0 4250.0 4700.0 4750.0 5100.0 5130.0 6020.0 6120.0 6825.0 6900.0 8200.0 8250.0 9000.0
1200.0 1283.0 1288.0 1314.0 1322.0 1352.0 1356.0 1442.0 1450.0  4000.0 4050.0 4700.0 4722.0 5035.0 5070.0 6020.0 6120.0 6800.0 6900.0 8200.0 8250.0 9000.0
1200.0 1283.0 1289.0 1316.0 1318.0 1366.1 1367.8 1443.0 1448.0  4200.0 4260.0 4700.0 4750.0 5070.0 5090.0 6020.0 6120.0 6800.0 6900.0 8200.0 8250.0 9000.0
1200.0 1275.0 1283.0 1317.0 1321.0 1365.0 1375.0 1456.0 1469.0  4060.0 4100.0 4740.0 4768.0 5070.0 5090.0 6020.0 6120.0 6800.0 6900.0 8200.0 8250.0 9000.0
1200.0 1275.0 1283.0 1317.0 1321.0 1365.0 1375.0 1456.0 1469.0  4060.0 4100.0 4740.0 4768.0 5070.0 5090.0 6020.0 6120.0 6800.0 6900.0 8200.0 8250.0 9000.0
1200.0 1274.1 1278.8 1315.0 1320.0 1350.0 1360.0 1437.0 1450.0  4360.0 4400.0 4690.0 4720.0 5070.0 5110.0 6020.0 6120.0 6800.0 6900.0 8200.0 8250.0 9000.0
1200.0 1273.1 1276.0 1312.0 1320.0 1358.0 1359.9 1446.0 1454.0  4360.0 4400.0 4730.0 4760.0 5086.0 5110.0 6020.0 6120.0 6800.0 6900.0 8200.0 8250.0 9000.0
1200.0 1273.1 1276.0 1319.5 1321.0 1358.0 1359.9 1452.0 1459.0  4200.0 4270.0 4700.0 4760.0 5030.0 5040.0 6020.0 6120.0 6800.0 6900.0 8200.0 8250.0 9000.0
1200.0 1273.1 1276.0 1319.5 1321.0 1358.0 1359.9 1452.0 1459.0  4200.0 4270.0 4700.0 4760.0 5030.0 5040.0 6020.0 6120.0 6800.0 6900.0 8200.0 8250.0 9000.0
